    season, game,    batter, inn, PA, AB, R, H, X2B, X3B, HR, RBI, BB, SO, SF, GDP,    BA,   OBP,   SLG,   OPS
2011summer,    1,     Adiba,   5,  2,  1, 1, 0,   0,   0,  0,   0,  1,  0,  0,   0, 0.000, 0.500, 0.000, 0.500
2011summer,    4,     Adiba,   6,  3,  3, 0, 2,   0,   0,  0,   0,  0,  1,  0,   0, 0.667, 0.667, 0.667, 1.333
2011summer,    6,     Adiba,   7,  3,  3, 0, 0,   0,   0,  0,   0,  0,  0,  0,   0, 0.000, 0.000, 0.000, 0.000
2011summer,   11,     Adiba,   5,  3,  3, 0, 0,   0,   0,  0,   0,  0,  1,  0,   0, 0.000, 0.000, 0.000, 0.000
2011summer,   12,     Adiba,   3,  1,  1, 0, 0,   0,   0,  0,   0,  0,  0,  0,   0, 0.000, 0.000, 0.000, 0.000
2012spring,    1,       Amy,   5,  2,  2, 0, 0,   0,   0,  0,   0,  0,  1,  0,   0, 0.000, 0.000, 0.000, 0.000
2012spring,    2,       Amy,   4,  1,  1, 0, 0,   0,   0,  0,   0,  0,  0,  0,   0, 0.000, 0.000, 0.000, 0.000
2012spring,    3,       Amy,   5,  2,  2, 0, 0,   0,   0,  0,   0,  0,  0,  0,   0, 0.000, 0.000, 0.000, 0.000
2012summer,    4,       Amy,   2,  1,  1, 0, 1,   0,   0,  0,   1,  0,  0,  0,   0, 1.000, 1.000, 1.000, 2.000
2012summer,    7,       Amy,   6,  2,  2, 0, 0,   0,   0,  0,   0,  0,  0,  0,   0, 0.000, 0.000, 0.000, 0.000
2012summer,    9,       Amy,   7,  3,  3, 0, 0,   0,   0,  0,   0,  0,  0,  0,   0, 0.000, 0.000, 0.000, 0.000
2012summer,   11,       Amy,   6,  3,  2, 0, 1,   0,   0,  0,   0,  1,  0,  0,   0, 0.500, 0.667, 0.500, 1.167
2012summer,   12,       Amy,   5,  3,  2, 0, 0,   0,   0,  0,   0,  1,  0,  0,   0, 0.000, 0.333, 0.000, 0.333
2012summer,   13,       Amy,   7,  3,  3, 0, 0,   0,   0,  0,   0,  0,  0,  0,   0, 0.000, 0.000, 0.000, 0.000
2010summer,    7,      AmyW,   5,  3,  3, 0, 1,   0,   0,  0,   0,  0,  0,  0,   0, 0.333, 0.333, 0.333, 0.667
2010summer,    4,    Audrey,   1,  1,  1, 0, 0,   0,   0,  0,   0,  0,  0,  0,   0, 0.000, 0.000, 0.000, 0.000
  2011fall,    1,    Audrey,   5,  2,  2, 0, 0,   0,   0,  0,   0,  0,  0,  0,   1, 0.000, 0.000, 0.000, 0.000
2011summer,    6,    Audrey,   2,  1,  1, 0, 0,   0,   0,  0,   0,  0,  0,  0,   0, 0.000, 0.000, 0.000, 0.000
2013summer,    1,    Austin,   3,  2,  2, 0, 0,   0,   0,  0,   0,  0,  0,  0,   0, 0.000, 0.000, 0.000, 0.000
2013summer,    2,    Austin,   3,  1,  0, 1, 0,   0,   0,  0,   0,  1,  0,  0,   0, 0.000, 1.000, 0.000, 1.000
2013summer,    4,    Austin,   3,  1,  1, 0, 0,   0,   0,  0,   0,  0,  0,  0,   0, 0.000, 0.000, 0.000, 0.000
2013summer,    5,    Austin,   3,  2,  2, 0, 0,   0,   0,  0,   0,  0,  0,  0,   0, 0.000, 0.000, 0.000, 0.000
  2010fall,    2,    Bashar,   5,  2,  2, 0, 0,   0,   0,  0,   0,  0,  0,  0,   0, 0.000, 0.000, 0.000, 0.000
  2010fall,    6,    Bashar,   4,  2,  2, 0, 1,   0,   0,  0,   0,  0,  0,  0,   0, 0.500, 0.500, 0.500, 1.000
2010summer,    4,    Bashar,   2,  1,  1, 0, 0,   0,   0,  0,   0,  0,  0,  0,   0, 0.000, 0.000, 0.000, 0.000
2010summer,    5,    Bashar,   2,  1,  1, 0, 1,   0,   0,  0,   0,  0,  0,  0,   0, 1.000, 1.000, 1.000, 2.000
2010summer,    8,    Bashar,   3,  2,  2, 0, 1,   0,   0,  0,   1,  0,  0,  0,   0, 0.500, 0.500, 0.500, 1.000
2012summer,    5,      Beth,   6,  3,  3, 1, 1,   0,   0,  0,   0,  0,  0,  0,   0, 0.333, 0.333, 0.333, 0.667
2012summer,    6,      Beth,   6,  2,  2, 0, 0,   0,   0,  0,   0,  0,  0,  0,   0, 0.000, 0.000, 0.000, 0.000
2012summer,   12,     Brant,   5,  3,  2, 1, 0,   0,   0,  0,   0,  1,  0,  0,   2, 0.000, 0.333, 0.000, 0.333
  2010fall,    5,     Bryan,   3,  1,  1, 0, 1,   0,   0,  0,   0,  0,  0,  0,   0, 1.000, 1.000, 1.000, 2.000
2011summer,    2,     Casey,   5,  1,  1, 0, 0,   0,   0,  0,   0,  0,  0,  0,   1, 0.000, 0.000, 0.000, 0.000
2012summer,    3,     Casey,   5,  2,  2, 0, 1,   0,   0,  0,   0,  0,  0,  0,   0, 0.500, 0.500, 0.500, 1.000
  2010fall,    4,     Cathy,   4,  3,  2, 1, 1,   0,   0,  0,   1,  1,  0,  0,   0, 0.500, 0.667, 0.500, 1.167
2010summer,    2,     Cathy,   5,  1,  0, 0, 0,   0,   0,  0,   0,  1,  0,  0,   0, 0.000, 1.000, 0.000, 1.000
2010summer,    4,     Cathy,   5,  2,  2, 0, 0,   0,   0,  0,   0,  0,  0,  0,   0, 0.000, 0.000, 0.000, 0.000
2010summer,   11,     Cathy,   7,  3,  2, 0, 1,   0,   0,  0,   0,  1,  0,  0,   0, 0.500, 0.667, 0.500, 1.167
2011summer,    1,     Cathy,   2,  2,  1, 0, 0,   0,   0,  0,   1,  1,  0,  0,   0, 0.000, 0.500, 0.000, 0.500
2011summer,    2,     Cathy,   5,  2,  2, 0, 0,   0,   0,  0,   0,  0,  0,  0,   0, 0.000, 0.000, 0.000, 0.000
2011summer,    4,     Cathy,   4,  2,  2, 0, 0,   0,   0,  0,   0,  0,  0,  0,   0, 0.000, 0.000, 0.000, 0.000
2011summer,    5,     Cathy,   5,  2,  1, 0, 0,   0,   0,  0,   0,  1,  0,  0,   0, 0.000, 0.500, 0.000, 0.500
2011summer,    6,     Cathy,   4,  1,  1, 0, 0,   0,   0,  0,   0,  0,  0,  0,   0, 0.000, 0.000, 0.000, 0.000
2011summer,   10,     Cathy,   5,  3,  2, 1, 1,   0,   0,  0,   0,  1,  0,  0,   0, 0.500, 0.667, 0.500, 1.167
2011summer,   11,     Cathy,   5,  2,  2, 0, 1,   0,   0,  0,   0,  0,  0,  0,   0, 0.500, 0.500, 0.500, 1.000
2011summer,   12,     Cathy,   5,  3,  2, 0, 0,   0,   0,  0,   0,  1,  0,  0,   0, 0.000, 0.333, 0.000, 0.333
  2012fall,    2,     Cathy,   5,  3,  2, 0, 1,   0,   0,  0,   0,  1,  1,  0,   0, 0.500, 0.667, 0.500, 1.167
  2012fall,    3,     Cathy,   6,  4,  4, 0, 2,   0,   0,  0,   1,  0,  0,  0,   0, 0.500, 0.500, 0.500, 1.000
  2012fall,    4,     Cathy,   6,  4,  3, 2, 1,   0,   0,  0,   1,  1,  0,  0,   0, 0.333, 0.500, 0.333, 0.833
  2012fall,    5,     Cathy,   7,  5,  5, 0, 1,   0,   0,  0,   2,  0,  0,  0,   0, 0.200, 0.200, 0.200, 0.400
2012spring,    1,     Cathy,   5,  3,  3, 0, 0,   0,   0,  0,   0,  0,  2,  0,   0, 0.000, 0.000, 0.000, 0.000
2012spring,    2,     Cathy,   4,  2,  2, 0, 1,   0,   0,  0,   0,  0,  1,  0,   0, 0.500, 0.500, 0.500, 1.000
2012summer,    1,     Cathy,   7,  3,  3, 0, 1,   0,   0,  0,   0,  0,  1,  0,   0, 0.333, 0.333, 0.333, 0.667
2012summer,    4,     Cathy,   2,  2,  2, 1, 1,   0,   0,  0,   0,  0,  0,  0,   0, 0.500, 0.500, 0.500, 1.000
2012summer,    5,     Cathy,   6,  3,  3, 0, 0,   0,   0,  0,   0,  0,  0,  0,   0, 0.000, 0.000, 0.000, 0.000
2012summer,    8,     Cathy,   5,  3,  3, 1, 3,   0,   0,  0,   1,  0,  0,  0,   0, 1.000, 1.000, 1.000, 2.000
2012summer,    9,     Cathy,   7,  3,  3, 0, 1,   0,   0,  0,   1,  0,  0,  0,   0, 0.333, 0.333, 0.333, 0.667
2012summer,   12,     Cathy,   5,  3,  2, 1, 1,   0,   0,  0,   0,  1,  0,  0,   1, 0.500, 0.667, 0.500, 1.167
2013summer,    1,     Cathy,   5,  3,  3, 2, 2,   0,   0,  0,   1,  0,  0,  0,   0, 0.667, 0.667, 0.667, 1.333
2013summer,    3,     Cathy,   4,  3,  2, 2, 1,   0,   0,  0,   1,  1,  0,  0,   0, 0.500, 0.667, 0.500, 1.167
2013summer,    4,     Cathy,   7,  3,  3, 0, 1,   0,   0,  0,   0,  0,  0,  0,   0, 0.333, 0.333, 0.333, 0.667
2013summer,    5,     Cathy,   6,  3,  2, 0, 0,   0,   0,  0,   0,  1,  0,  0,   0, 0.000, 0.333, 0.000, 0.333
  2010fall,    2,   Charlie,   5,  2,  2, 2, 2,   0,   1,  0,   0,  0,  0,  0,   0, 1.000, 1.000, 2.000, 3.000
  2010fall,    5,   Charlie,   3,  1,  1, 0, 1,   0,   0,  0,   0,  0,  0,  0,   0, 1.000, 1.000, 1.000, 2.000
  2010fall,    6,   Charlie,   3,  1,  1, 0, 0,   0,   0,  0,   0,  0,  0,  0,   0, 0.000, 0.000, 0.000, 0.000
  2010fall,    4,     Chris,   4,  2,  1, 0, 0,   0,   0,  0,   0,  1,  0,  0,   0, 0.000, 0.500, 0.000, 0.500
  2010fall,    6,     Chris,   7,  2,  1, 0, 1,   0,   0,  0,   0,  1,  0,  0,   0, 1.000, 1.000, 1.000, 2.000
2010summer,    5,     Chris,   5,  2,  2, 0, 0,   0,   0,  0,   0,  0,  0,  0,   0, 0.000, 0.000, 0.000, 0.000
2010summer,    6,     Chris,   5,  2,  2, 0, 1,   0,   0,  0,   1,  0,  0,  0,   0, 0.500, 0.500, 0.500, 1.000
2010summer,    8,     Chris,   5,  2,  2, 0, 1,   0,   0,  0,   0,  0,  0,  0,   0, 0.500, 0.500, 0.500, 1.000
  2011fall,    3,     Chris,   3,  2,  2, 0, 0,   0,   0,  0,   0,  0,  1,  0,   0, 0.000, 0.000, 0.000, 0.000
  2010fall,    4,      Cole,   4,  3,  3, 1, 1,   0,   0,  0,   1,  0,  0,  0,   0, 0.333, 0.333, 0.333, 0.667
  2010fall,    5,      Cole,   6,  3,  3, 0, 2,   1,   0,  0,   1,  0,  0,  0,   0, 0.667, 0.667, 1.000, 1.667
  2010fall,    6,      Cole,   7,  2,  2, 0, 0,   0,   0,  0,   0,  0,  1,  0,   0, 0.000, 0.000, 0.000, 0.000
2010summer,    2,      Cole,   5,  1,  0, 0, 0,   0,   0,  0,   0,  1,  0,  0,   0, 0.000, 1.000, 0.000, 1.000
2010summer,    4,      Cole,   2,  1,  1, 0, 0,   0,   0,  0,   0,  0,  0,  0,   0, 0.000, 0.000, 0.000, 0.000
2010summer,    6,      Cole,   5,  3,  3, 0, 1,   0,   0,  0,   0,  0,  0,  0,   0, 0.333, 0.333, 0.333, 0.667
2010summer,    7,      Cole,   3,  2,  2, 2, 2,   1,   0,  1,   3,  0,  0,  0,   0, 1.000, 1.000, 3.000, 4.000
2010summer,    8,      Cole,   2,  2,  2, 1, 1,   0,   0,  1,   1,  0,  0,  0,   0, 0.500, 0.500, 2.000, 2.500
2010summer,   11,      Cole,   7,  3,  3, 2, 2,   0,   0,  1,   2,  0,  0,  0,   0, 0.667, 0.667, 1.667, 2.333
  2011fall,    1,      Cole,   5,  2,  2, 0, 1,   0,   0,  0,   0,  0,  0,  0,   0, 0.500, 0.500, 0.500, 1.000
  2011fall,    2,      Cole,   6,  4,  2, 3, 1,   0,   0,  1,   1,  2,  0,  0,   0, 0.500, 0.750, 2.000, 2.750
  2011fall,    3,      Cole,   5,  3,  3, 3, 3,   1,   0,  1,   1,  0,  0,  0,   0, 1.000, 1.000, 2.333, 3.333
  2011fall,    4,      Cole,   6,  3,  3, 2, 3,   1,   1,  1,   3,  0,  0,  0,   0, 1.000, 1.000, 3.000, 4.000
  2011fall,    5,      Cole,   7,  4,  3, 2, 3,   0,   2,  0,   1,  1,  0,  0,   0, 1.000, 1.000, 2.333, 3.333
  2011fall,    6,      Cole,   6,  3,  2, 2, 1,   0,   0,  1,   2,  1,  1,  0,   0, 0.500, 0.667, 2.000, 2.667
2011summer,    1,      Cole,   5,  3,  2, 1, 0,   0,   0,  0,   0,  1,  0,  0,   0, 0.000, 0.333, 0.000, 0.333
2011summer,    2,      Cole,   5,  2,  2, 0, 0,   0,   0,  0,   0,  0,  0,  0,   0, 0.000, 0.000, 0.000, 0.000
2011summer,    4,      Cole,   2,  2,  2, 0, 0,   0,   0,  0,   0,  0,  0,  0,   0, 0.000, 0.000, 0.000, 0.000
2011summer,    5,      Cole,   5,  2,  2, 0, 1,   0,   0,  0,   1,  0,  0,  0,   0, 0.500, 0.500, 0.500, 1.000
2011summer,    6,      Cole,   7,  2,  2, 0, 1,   0,   0,  0,   0,  0,  0,  0,   0, 0.500, 0.500, 0.500, 1.000
2011summer,   10,      Cole,   5,  3,  3, 0, 1,   1,   0,  0,   0,  0,  0,  0,   0, 0.333, 0.333, 0.667, 1.000
2011summer,   11,      Cole,   5,  2,  2, 0, 1,   0,   1,  0,   0,  0,  0,  0,   0, 0.500, 0.500, 1.500, 2.000
2011summer,   12,      Cole,   5,  2,  2, 0, 1,   0,   0,  0,   0,  0,  0,  0,   0, 0.500, 0.500, 0.500, 1.000
  2012fall,    1,      Cole,   6,  4,  3, 2, 3,   0,   1,  0,   1,  1,  0,  0,   0, 1.000, 1.000, 1.667, 2.667
  2012fall,    3,      Cole,   6,  4,  4, 3, 4,   0,   0,  1,   2,  0,  0,  0,   0, 1.000, 1.000, 1.750, 2.750
  2012fall,    4,      Cole,   6,  4,  4, 1, 3,   0,   0,  0,   1,  0,  1,  0,   0, 0.750, 0.750, 0.750, 1.500
  2012fall,    5,      Cole,   7,  5,  5, 2, 5,   2,   0,  1,   5,  0,  0,  0,   0, 1.000, 1.000, 2.000, 3.000
2012spring,    1,      Cole,   5,  3,  3, 1, 2,   0,   1,  0,   0,  0,  0,  0,   0, 0.667, 0.667, 1.333, 2.000
2012spring,    2,      Cole,   4,  2,  2, 1, 1,   0,   0,  1,   1,  0,  0,  0,   0, 0.500, 0.500, 2.000, 2.500
2012summer,    1,      Cole,   7,  4,  4, 1, 3,   0,   0,  1,   1,  0,  0,  0,   0, 0.750, 0.750, 1.500, 2.250
2012summer,    2,      Cole,   8,  4,  4, 1, 1,   0,   0,  1,   2,  0,  0,  0,   0, 0.250, 0.250, 1.000, 1.250
2012summer,    3,      Cole,   5,  2,  2, 1, 2,   1,   1,  0,   1,  0,  0,  0,   0, 1.000, 1.000, 2.500, 3.500
2012summer,    4,      Cole,   2,  2,  2, 2, 2,   1,   1,  0,   0,  0,  0,  0,   0, 1.000, 1.000, 2.500, 3.500
2012summer,    5,      Cole,   6,  3,  2, 2, 2,   0,   0,  0,   1,  1,  0,  0,   0, 1.000, 1.000, 1.000, 2.000
2012summer,    6,      Cole,   7,  2,  2, 1, 1,   0,   0,  0,   0,  0,  0,  0,   0, 0.500, 0.500, 0.500, 1.000
2012summer,    7,      Cole,   7,  3,  3, 2, 2,   0,   0,  2,   2,  0,  1,  0,   0, 0.667, 0.667, 2.667, 3.333
2012summer,    8,      Cole,   5,  4,  4, 3, 3,   1,   0,  2,   6,  0,  0,  0,   0, 0.750, 0.750, 2.500, 3.250
2012summer,    9,      Cole,   7,  3,  2, 1, 0,   0,   0,  0,   0,  1,  0,  0,   0, 0.000, 0.333, 0.000, 0.333
2012summer,   11,      Cole,   6,  4,  4, 1, 3,   0,   1,  0,   2,  0,  0,  0,   0, 0.750, 0.750, 1.250, 2.000
2012summer,   12,      Cole,   5,  4,  2, 2, 2,   0,   0,  1,   3,  2,  0,  0,   0, 1.000, 1.000, 2.500, 3.500
2012summer,   13,      Cole,   7,  3,  3, 2, 3,   1,   0,  1,   2,  0,  0,  0,   0, 1.000, 1.000, 2.333, 3.333
2013summer,    1,      Cole,   5,  4,  4, 3, 4,   0,   1,  2,   7,  0,  0,  0,   0, 1.000, 1.000, 3.000, 4.000
2013summer,    2,      Cole,   5,  3,  3, 3, 3,   0,   0,  2,   6,  0,  0,  0,   0, 1.000, 1.000, 3.000, 4.000
2013summer,    3,      Cole,   4,  3,  3, 3, 3,   0,   0,  1,   3,  0,  0,  0,   0, 1.000, 1.000, 2.000, 3.000
2013summer,    5,      Cole,   6,  4,  4, 4, 4,   1,   1,  2,   6,  0,  0,  0,   0, 1.000, 1.000, 3.250, 4.250
2011summer,    2,       Dan,   5,  1,  1, 0, 1,   0,   0,  0,   0,  0,  0,  0,   0, 1.000, 1.000, 1.000, 2.000
2011summer,    5,       Dan,   2,  1,  1, 0, 0,   0,   0,  0,   0,  0,  1,  0,   0, 0.000, 0.000, 0.000, 0.000
2013summer,    2,      Dave,   2,  1,  1, 0, 0,   0,   0,  0,   0,  0,  0,  0,   0, 0.000, 0.000, 0.000, 0.000
2013summer,    3,      Dave,   4,  3,  3, 1, 3,   1,   0,  0,   1,  0,  0,  0,   0, 1.000, 1.000, 1.333, 2.333
2013summer,    4,      Dave,   4,  2,  2, 0, 1,   0,   0,  0,   1,  0,  0,  0,   0, 0.500, 0.500, 0.500, 1.000
2013summer,    5,      Dave,   2,  1,  1, 0, 1,   0,   0,  0,   0,  0,  0,  0,   0, 1.000, 1.000, 1.000, 2.000
  2010fall,    2,     Donna,   5,  3,  3, 0, 2,   0,   0,  0,   0,  0,  0,  0,   0, 0.667, 0.667, 0.667, 1.333
  2010fall,    4,     Donna,   4,  2,  1, 1, 0,   0,   0,  0,   0,  1,  0,  0,   0, 0.000, 0.500, 0.000, 0.500
  2010fall,    5,     Donna,   6,  3,  3, 0, 0,   0,   0,  0,   0,  0,  0,  0,   0, 0.000, 0.000, 0.000, 0.000
  2010fall,    6,     Donna,   7,  3,  3, 1, 0,   0,   0,  0,   0,  0,  0,  0,   0, 0.000, 0.000, 0.000, 0.000
2010summer,    1,     Donna,   5,  1,  0, 0, 0,   0,   0,  0,   0,  1,  0,  0,   0, 0.000, 1.000, 0.000, 1.000
2010summer,    3,     Donna,   3,  1,  1, 0, 0,   0,   0,  0,   0,  0,  0,  0,   0, 0.000, 0.000, 0.000, 0.000
2010summer,    5,     Donna,   5,  2,  2, 0, 0,   0,   0,  0,   0,  0,  0,  0,   0, 0.000, 0.000, 0.000, 0.000
2010summer,    6,     Donna,   5,  2,  2, 0, 1,   0,   0,  0,   0,  0,  0,  0,   0, 0.500, 0.500, 0.500, 1.000
2010summer,    7,     Donna,   5,  3,  3, 1, 1,   0,   0,  0,   0,  0,  0,  0,   0, 0.333, 0.333, 0.333, 0.667
2010summer,    8,     Donna,   5,  2,  2, 0, 0,   0,   0,  0,   0,  0,  0,  0,   0, 0.000, 0.000, 0.000, 0.000
2010summer,   11,     Donna,   3,  2,  2, 1, 1,   0,   0,  0,   0,  0,  0,  0,   0, 0.500, 0.500, 0.500, 1.000
2011summer,    2,     Donna,   5,  1,  1, 0, 0,   0,   0,  0,   0,  0,  0,  0,   0, 0.000, 0.000, 0.000, 0.000
2011summer,    4,     Donna,   4,  2,  2, 0, 0,   0,   0,  0,   0,  0,  0,  0,   0, 0.000, 0.000, 0.000, 0.000
2011summer,    5,     Donna,   5,  2,  2, 0, 0,   0,   0,  0,   0,  0,  0,  0,   0, 0.000, 0.000, 0.000, 0.000
  2011fall,    2,    Dustin,   6,  4,  4, 1, 3,   1,   1,  0,   1,  0,  0,  0,   0, 0.750, 0.750, 1.500, 2.250
  2010fall,    6, Elizabeth,   7,  2,  1, 0, 0,   0,   0,  0,   0,  1,  1,  0,   0, 0.000, 0.500, 0.000, 0.500
2010summer,    1, Elizabeth,   5,  1,  1, 0, 0,   0,   0,  0,   0,  0,  0,  0,   0, 0.000, 0.000, 0.000, 0.000
2010summer,    3, Elizabeth,   5,  1,  1, 0, 0,   0,   0,  0,   0,  0,  1,  0,   0, 0.000, 0.000, 0.000, 0.000
2010summer,    5, Elizabeth,   5,  2,  2, 0, 0,   0,   0,  0,   0,  0,  0,  0,   0, 0.000, 0.000, 0.000, 0.000
2010summer,    6, Elizabeth,   5,  2,  2, 0, 0,   0,   0,  0,   0,  0,  1,  0,   1, 0.000, 0.000, 0.000, 0.000
  2010fall,    6,       Eve,   7,  2,  1, 0, 0,   0,   0,  0,   0,  1,  1,  0,   0, 0.000, 0.500, 0.000, 0.500
  2010fall,    2,    FrankF,   5,  3,  3, 0, 2,   0,   0,  0,   1,  0,  0,  0,   0, 0.667, 0.667, 0.667, 1.333
2010summer,    2,    FrankF,   5,  0,  0, 0, 0,   0,   0,  0,   1,  0,  0,  0,   0, 0.000, 0.000, 0.000, 0.000
2010summer,    3,    FrankF,   3,  2,  2, 1, 1,   1,   0,  0,   0,  0,  0,  0,   0, 0.500, 0.500, 1.000, 1.500
2010summer,    4,    FrankF,   2,  1,  1, 0, 0,   0,   0,  0,   0,  0,  0,  0,   0, 0.000, 0.000, 0.000, 0.000
2010summer,    6,    FrankF,   5,  3,  2, 2, 2,   0,   0,  0,   0,  1,  0,  0,   0, 1.000, 1.000, 1.000, 2.000
2010summer,    7,    FrankF,   3,  1,  1, 0, 0,   0,   0,  0,   0,  0,  0,  0,   0, 0.000, 0.000, 0.000, 0.000
2010summer,    8,    FrankF,   4,  1,  1, 0, 0,   0,   0,  0,   0,  0,  1,  0,   0, 0.000, 0.000, 0.000, 0.000
2010summer,   11,    FrankF,   7,  4,  4, 0, 0,   0,   0,  0,   0,  0,  0,  0,   0, 0.000, 0.000, 0.000, 0.000
  2011fall,    2,    FrankF,   6,  3,  3, 1, 2,   0,   0,  0,   1,  0,  0,  0,   0, 0.667, 0.667, 0.667, 1.333
  2011fall,    3,    FrankF,   2,  1,  1, 1, 1,   0,   0,  1,   1,  0,  0,  0,   0, 1.000, 1.000, 4.000, 5.000
  2011fall,    4,    FrankF,   6,  3,  3, 1, 1,   1,   0,  0,   0,  0,  0,  0,   0, 0.333, 0.333, 0.667, 1.000
  2011fall,    5,    FrankF,   3,  2,  2, 0, 0,   0,   0,  0,   0,  0,  0,  0,   0, 0.000, 0.000, 0.000, 0.000
2011summer,    1,    FrankF,   5,  2,  1, 1, 0,   0,   0,  0,   0,  1,  0,  0,   0, 0.000, 0.500, 0.000, 0.500
2011summer,    2,    FrankF,   5,  1,  1, 0, 0,   0,   0,  0,   0,  0,  0,  0,   0, 0.000, 0.000, 0.000, 0.000
2011summer,    4,    FrankF,   6,  3,  2, 0, 2,   0,   0,  0,   1,  1,  0,  0,   0, 1.000, 1.000, 1.000, 2.000
2011summer,    6,    FrankF,   7,  3,  3, 0, 1,   0,   0,  0,   0,  0,  0,  0,   0, 0.333, 0.333, 0.333, 0.667
2011summer,   10,    FrankF,   5,  2,  2, 1, 1,   0,   1,  0,   1,  0,  0,  0,   0, 0.500, 0.500, 1.500, 2.000
2011summer,   12,    FrankF,   5,  2,  1, 0, 1,   0,   0,  0,   0,  1,  0,  0,   0, 1.000, 1.000, 1.000, 2.000
  2012fall,    1,    FrankF,   6,  3,  3, 0, 2,   0,   0,  0,   0,  0,  0,  0,   0, 0.667, 0.667, 0.667, 1.333
  2012fall,    3,    FrankF,   3,  2,  1, 0, 0,   0,   0,  0,   1,  0,  1,  1,   0, 0.000, 0.000, 0.000, 0.000
  2012fall,    4,    FrankF,   6,  4,  4, 3, 3,   1,   0,  0,   2,  0,  0,  0,   0, 0.750, 0.750, 1.000, 1.750
  2012fall,    5,    FrankF,   7,  4,  3, 2, 1,   0,   0,  0,   0,  1,  0,  0,   0, 0.333, 0.500, 0.333, 0.833
2012spring,    1,    FrankF,   5,  3,  3, 1, 2,   0,   0,  1,   1,  0,  0,  0,   0, 0.667, 0.667, 1.667, 2.333
2012spring,    2,    FrankF,   4,  2,  2, 0, 1,   0,   0,  0,   0,  0,  0,  0,   0, 0.500, 0.500, 0.500, 1.000
2012spring,    3,    FrankF,   5,  3,  3, 0, 2,   0,   0,  0,   0,  0,  0,  0,   0, 0.667, 0.667, 0.667, 1.333
2012summer,    1,    FrankF,   7,  3,  3, 1, 1,   1,   0,  0,   0,  0,  0,  0,   0, 0.333, 0.333, 0.667, 1.000
2012summer,    2,    FrankF,   4,  2,  2, 0, 1,   1,   0,  0,   0,  0,  0,  0,   0, 0.500, 0.500, 1.000, 1.500
2012summer,    3,    FrankF,   5,  2,  2, 0, 1,   1,   0,  0,   1,  0,  0,  0,   0, 0.500, 0.500, 1.000, 1.500
2012summer,    9,    FrankF,   7,  3,  2, 0, 1,   0,   0,  0,   0,  1,  0,  0,   0, 0.500, 0.667, 0.500, 1.167
2012summer,   11,    FrankF,   2,  1,  0, 0, 0,   0,   0,  0,   0,  1,  0,  0,   0, 0.000, 1.000, 0.000, 1.000
2012summer,   12,    FrankF,   5,  3,  1, 1, 0,   0,   0,  0,   1,  2,  0,  0,   0, 0.000, 0.667, 0.000, 0.667
2012summer,   13,    FrankF,   3,  1,  1, 0, 1,   0,   0,  0,   0,  0,  0,  0,   0, 1.000, 1.000, 1.000, 2.000
2013summer,    1,    FrankF,   2,  2,  2, 2, 2,   1,   0,  0,   3,  0,  0,  0,   0, 1.000, 1.000, 1.500, 2.500
2013summer,    2,    FrankF,   5,  2,  2, 1, 1,   0,   0,  0,   1,  0,  0,  0,   0, 0.500, 0.500, 0.500, 1.000
2013summer,    3,    FrankF,   4,  3,  3, 0, 1,   0,   0,  0,   0,  0,  0,  0,   0, 0.333, 0.333, 0.333, 0.667
2013summer,    4,    FrankF,   7,  2,  2, 0, 1,   0,   0,  0,   0,  0,  0,  0,   0, 0.500, 0.500, 0.500, 1.000
2013summer,    5,    FrankF,   4,  2,  2, 0, 2,   0,   0,  0,   0,  0,  0,  0,   0, 1.000, 1.000, 1.000, 2.000
2010summer,    4,    FrankH,   3,  1,  1, 0, 1,   0,   0,  0,   0,  0,  0,  0,   0, 1.000, 1.000, 1.000, 2.000
2010summer,    7,    FrankH,   5,  2,  2, 1, 1,   0,   0,  0,   1,  0,  0,  0,   0, 0.500, 0.500, 0.500, 1.000
2010summer,    8,    FrankH,   2,  1,  1, 0, 1,   0,   0,  0,   0,  0,  0,  0,   0, 1.000, 1.000, 1.000, 2.000
2010summer,   11,    FrankH,   3,  2,  2, 0, 1,   0,   0,  0,   0,  0,  0,  0,   0, 0.500, 0.500, 0.500, 1.000
  2011fall,    1,    FrankH,   3,  1,  1, 1, 1,   0,   0,  0,   1,  0,  0,  0,   0, 1.000, 1.000, 1.000, 2.000
  2011fall,    5,    FrankH,   7,  3,  3, 0, 1,   0,   0,  0,   0,  0,  0,  0,   0, 0.333, 0.333, 0.333, 0.667
  2011fall,    6,    FrankH,   6,  2,  2, 0, 1,   0,   0,  0,   0,  0,  0,  0,   0, 0.500, 0.500, 0.500, 1.000
2011summer,    1,    FrankH,   5,  2,  1, 1, 0,   0,   0,  0,   0,  1,  0,  0,   0, 0.000, 0.500, 0.000, 0.500
2011summer,    4,    FrankH,   4,  1,  1, 0, 0,   0,   0,  0,   0,  0,  1,  0,   0, 0.000, 0.000, 0.000, 0.000
2011summer,    5,    FrankH,   5,  2,  2, 0, 1,   0,   0,  0,   0,  0,  0,  0,   0, 0.500, 0.500, 0.500, 1.000
2011summer,   11,    FrankH,   5,  2,  2, 0, 0,   0,   0,  0,   0,  0,  0,  0,   0, 0.000, 0.000, 0.000, 0.000
2011summer,   12,    FrankH,   5,  2,  2, 0, 2,   1,   0,  0,   1,  0,  0,  0,   0, 1.000, 1.000, 1.500, 2.500
  2012fall,    1,    FrankH,   6,  3,  3, 1, 2,   0,   0,  0,   0,  0,  0,  0,   0, 0.667, 0.667, 0.667, 1.333
  2012fall,    2,    FrankH,   5,  3,  3, 0, 1,   0,   0,  0,   0,  0,  0,  0,   0, 0.333, 0.333, 0.333, 0.667
  2012fall,    4,    FrankH,   3,  2,  1, 0, 0,   0,   0,  0,   0,  1,  0,  0,   0, 0.000, 0.500, 0.000, 0.500
2013summer,    4,    FrankH,   7,  2,  2, 0, 0,   0,   0,  0,   0,  0,  0,  0,   0, 0.000, 0.000, 0.000, 0.000
  2010fall,    2,   Jeffrey,   5,  3,  3, 1, 3,   1,   0,  0,   0,  0,  0,  0,   0, 1.000, 1.000, 1.333, 2.333
  2010fall,    4,   Jeffrey,   4,  3,  2, 1, 2,   0,   0,  0,   0,  1,  0,  0,   0, 1.000, 1.000, 1.000, 2.000
  2010fall,    5,   Jeffrey,   3,  2,  2, 0, 1,   0,   0,  0,   0,  0,  0,  0,   0, 0.500, 0.500, 0.500, 1.000
  2010fall,    6,   Jeffrey,   7,  3,  3, 0, 1,   0,   0,  0,   1,  0,  0,  0,   0, 0.333, 0.333, 0.333, 0.667
2010summer,    1,   Jeffrey,   5,  1,  1, 0, 0,   0,   0,  0,   0,  0,  0,  0,   0, 0.000, 0.000, 0.000, 0.000
2010summer,    4,   Jeffrey,   2,  1,  1, 0, 1,   0,   0,  0,   0,  0,  0,  0,   0, 1.000, 1.000, 1.000, 2.000
2010summer,    5,   Jeffrey,   3,  1,  1, 0, 1,   0,   0,  0,   0,  0,  0,  0,   0, 1.000, 1.000, 1.000, 2.000
2010summer,    7,   Jeffrey,   5,  3,  3, 0, 1,   0,   0,  0,   0,  0,  0,  0,   0, 0.333, 0.333, 0.333, 0.667
2010summer,    8,   Jeffrey,   5,  2,  2, 0, 1,   0,   0,  0,   1,  0,  1,  0,   0, 0.500, 0.500, 0.500, 1.000
2010summer,   11,   Jeffrey,   7,  3,  3, 0, 1,   0,   0,  0,   0,  0,  0,  0,   0, 0.333, 0.333, 0.333, 0.667
  2011fall,    1,   Jeffrey,   5,  2,  2, 0, 1,   1,   0,  0,   0,  0,  0,  0,   0, 0.500, 0.500, 1.000, 1.500
  2011fall,    3,   Jeffrey,   5,  4,  4, 1, 3,   1,   0,  0,   5,  0,  0,  0,   0, 0.750, 0.750, 1.000, 1.750
  2011fall,    4,   Jeffrey,   6,  4,  4, 0, 2,   0,   0,  0,   1,  0,  1,  0,   1, 0.500, 0.500, 0.500, 1.000
  2011fall,    5,   Jeffrey,   4,  1,  1, 0, 0,   0,   0,  0,   0,  0,  0,  0,   0, 0.000, 0.000, 0.000, 0.000
  2011fall,    6,   Jeffrey,   6,  3,  2, 0, 2,   1,   0,  0,   2,  1,  0,  0,   0, 1.000, 1.000, 1.500, 2.500
2011summer,    2,   Jeffrey,   5,  2,  2, 0, 1,   0,   0,  0,   0,  0,  0,  0,   0, 0.500, 0.500, 0.500, 1.000
2011summer,    4,   Jeffrey,   6,  3,  3, 0, 1,   0,   0,  0,   0,  0,  0,  0,   0, 0.333, 0.333, 0.333, 0.667
2011summer,   10,   Jeffrey,   5,  3,  2, 1, 2,   1,   0,  0,   1,  1,  0,  0,   0, 1.000, 1.000, 1.500, 2.500
2011summer,   11,   Jeffrey,   5,  2,  2, 0, 1,   0,   0,  0,   0,  0,  0,  0,   0, 0.500, 0.500, 0.500, 1.000
2011summer,   12,   Jeffrey,   5,  3,  3, 0, 1,   0,   0,  0,   1,  0,  0,  0,   0, 0.333, 0.333, 0.333, 0.667
  2012fall,    3,   Jeffrey,   6,  4,  4, 1, 2,   0,   1,  0,   0,  0,  0,  0,   0, 0.500, 0.500, 1.000, 1.500
  2012fall,    5,   Jeffrey,   7,  4,  4, 0, 1,   0,   0,  0,   0,  0,  0,  0,   0, 0.250, 0.250, 0.250, 0.500
2012spring,    1,   Jeffrey,   5,  2,  2, 0, 2,   0,   0,  0,   2,  0,  0,  0,   0, 1.000, 1.000, 1.000, 2.000
2012spring,    2,   Jeffrey,   4,  1,  1, 0, 1,   0,   0,  0,   1,  0,  0,  0,   0, 1.000, 1.000, 1.000, 2.000
2012spring,    3,   Jeffrey,   5,  2,  1, 0, 0,   0,   0,  0,   0,  1,  0,  0,   0, 0.000, 0.500, 0.000, 0.500
2012summer,    1,   Jeffrey,   4,  2,  2, 0, 0,   0,   0,  0,   0,  0,  0,  0,   0, 0.000, 0.000, 0.000, 0.000
2012summer,    3,   Jeffrey,   5,  2,  2, 0, 0,   0,   0,  0,   0,  0,  0,  0,   0, 0.000, 0.000, 0.000, 0.000
2012summer,    5,   Jeffrey,   6,  3,  3, 0, 2,   0,   1,  0,   1,  0,  0,  0,   0, 0.667, 0.667, 1.333, 2.000
2012summer,    6,   Jeffrey,   6,  3,  2, 0, 1,   0,   0,  0,   0,  1,  0,  0,   0, 0.500, 0.667, 0.500, 1.167
2012summer,    7,   Jeffrey,   7,  3,  3, 0, 1,   0,   0,  0,   1,  0,  0,  0,   0, 0.333, 0.333, 0.333, 0.667
2012summer,    8,   Jeffrey,   5,  4,  3, 1, 1,   1,   0,  0,   1,  1,  0,  0,   0, 0.333, 0.500, 0.667, 1.167
2012summer,   11,   Jeffrey,   6,  3,  3, 1, 1,   1,   0,  0,   0,  0,  0,  0,   0, 0.333, 0.333, 0.667, 1.000
2012summer,   12,   Jeffrey,   5,  3,  2, 1, 1,   0,   0,  0,   0,  1,  0,  0,   0, 0.500, 0.667, 0.500, 1.167
2013summer,    1,   Jeffrey,   5,  3,  3, 2, 2,   0,   0,  1,   3,  0,  0,  0,   0, 0.667, 0.667, 1.667, 2.333
2013summer,    2,   Jeffrey,   5,  2,  2, 0, 0,   0,   0,  0,   1,  0,  0,  0,   0, 0.000, 0.000, 0.000, 0.000
2013summer,    3,   Jeffrey,   4,  3,  3, 0, 1,   0,   0,  0,   2,  0,  1,  0,   0, 0.333, 0.333, 0.333, 0.667
2013summer,    4,   Jeffrey,   4,  1,  1, 0, 0,   0,   0,  0,   0,  0,  0,  0,   0, 0.000, 0.000, 0.000, 0.000
2013summer,    5,   Jeffrey,   6,  3,  3, 1, 2,   0,   0,  0,   0,  0,  0,  0,   0, 0.667, 0.667, 0.667, 1.333
2011summer,    5,  JeffreyX,   3,  1,  1, 1, 1,   0,   0,  0,   0,  0,  0,  0,   0, 1.000, 1.000, 1.000, 2.000
2012summer,    5,  Jennifer,   6,  3,  3, 0, 2,   0,   0,  0,   1,  0,  0,  0,   0, 0.667, 0.667, 0.667, 1.333
2012summer,    6,  Jennifer,   6,  3,  3, 0, 1,   0,   0,  0,   0,  0,  0,  0,   0, 0.333, 0.333, 0.333, 0.667
2012summer,    7,  Jennifer,   7,  3,  3, 0, 0,   0,   0,  0,   0,  0,  0,  0,   1, 0.000, 0.000, 0.000, 0.000
2012summer,   13,  Jennifer,   7,  3,  2, 0, 2,   0,   0,  0,   0,  1,  0,  0,   0, 1.000, 1.000, 1.000, 2.000
2010summer,    2,    Jeremy,   5,  1,  1, 0, 0,   0,   0,  0,   0,  0,  0,  0,   0, 0.000, 0.000, 0.000, 0.000
2010summer,    4,    Jeremy,   3,  1,  1, 0, 0,   0,   0,  0,   0,  0,  0,  0,   0, 0.000, 0.000, 0.000, 0.000
2010summer,    7,    Jeremy,   2,  1,  1, 0, 1,   0,   0,  0,   0,  0,  0,  0,   0, 1.000, 1.000, 1.000, 2.000
2010summer,   11,    Jeremy,   3,  2,  2, 1, 1,   0,   0,  0,   0,  0,  0,  0,   0, 0.500, 0.500, 0.500, 1.000
  2012fall,    1,    Jeremy,   6,  3,  3, 0, 1,   0,   0,  0,   1,  0,  0,  0,   0, 0.333, 0.333, 0.333, 0.667
2012summer,    4,    Jeremy,   2,  1,  1, 0, 0,   0,   0,  0,   0,  0,  0,  0,   0, 0.000, 0.000, 0.000, 0.000
2012summer,    6,    Jeremy,   2,  1,  1, 0, 1,   0,   0,  0,   0,  0,  0,  0,   0, 1.000, 1.000, 1.000, 2.000
2012summer,    8,    Jeremy,   5,  3,  3, 3, 3,   0,   0,  0,   1,  0,  0,  0,   0, 1.000, 1.000, 1.000, 2.000
2012summer,    9,    Jeremy,   7,  3,  3, 0, 2,   0,   0,  0,   0,  0,  0,  0,   0, 0.667, 0.667, 0.667, 1.333
2012summer,   13,    Jeremy,   7,  3,  3, 1, 1,   0,   0,  0,   0,  0,  0,  0,   0, 0.333, 0.333, 0.333, 0.667
2012spring,    3,     Jiang,   1,  1,  1, 0, 0,   0,   0,  0,   0,  0,  0,  0,   0, 0.000, 0.000, 0.000, 0.000
2012summer,    1,     Jiang,   3,  1,  1, 0, 0,   0,   0,  0,   0,  0,  0,  0,   0, 0.000, 0.000, 0.000, 0.000
2012summer,    2,     Jiang,   3,  1,  1, 0, 0,   0,   0,  0,   0,  0,  0,  0,   0, 0.000, 0.000, 0.000, 0.000
2012summer,    3,     Jiang,   5,  2,  2, 0, 0,   0,   0,  0,   0,  0,  0,  0,   0, 0.000, 0.000, 0.000, 0.000
2012summer,    5,     Jiang,   6,  3,  3, 0, 0,   0,   0,  0,   0,  0,  0,  0,   0, 0.000, 0.000, 0.000, 0.000
2012summer,    6,     Jiang,   4,  1,  1, 0, 1,   0,   0,  0,   0,  0,  0,  0,   0, 1.000, 1.000, 1.000, 2.000
2012summer,    9,     JohnB,   7,  3,  3, 0, 0,   0,   0,  0,   0,  0,  0,  0,   1, 0.000, 0.000, 0.000, 0.000
2011summer,    5,     JohnP,   5,  1,  1, 0, 1,   0,   0,  0,   0,  0,  0,  0,   0, 1.000, 1.000, 1.000, 2.000
  2011fall,    2,     Kelly,   6,  3,  3, 0, 0,   0,   0,  0,   0,  0,  3,  0,   0, 0.000, 0.000, 0.000, 0.000
  2011fall,    3,     Kelly,   4,  2,  2, 0, 1,   0,   0,  0,   0,  0,  1,  0,   0, 0.500, 0.500, 0.500, 1.000
  2011fall,    5,     Kelly,   7,  3,  3, 0, 0,   0,   0,  0,   0,  0,  3,  0,   0, 0.000, 0.000, 0.000, 0.000
  2011fall,    6,     Kelly,   6,  2,  2, 0, 1,   0,   0,  0,   0,  0,  1,  0,   0, 0.500, 0.500, 0.500, 1.000
2011summer,    1,     Kelly,   3,  1,  1, 0, 0,   0,   0,  0,   0,  0,  0,  0,   0, 0.000, 0.000, 0.000, 0.000
2011summer,    2,     Kelly,   5,  1,  1, 0, 0,   0,   0,  0,   0,  0,  0,  0,   0, 0.000, 0.000, 0.000, 0.000
2011summer,    4,     Kelly,   4,  2,  2, 0, 1,   0,   0,  0,   0,  0,  1,  0,   0, 0.500, 0.500, 0.500, 1.000
2011summer,    5,     Kelly,   5,  1,  1, 0, 0,   0,   0,  0,   0,  0,  0,  0,   0, 0.000, 0.000, 0.000, 0.000
2011summer,    6,     Kelly,   3,  2,  2, 0, 0,   0,   0,  0,   0,  0,  1,  0,   0, 0.000, 0.000, 0.000, 0.000
2011summer,   10,     Kelly,   5,  3,  3, 0, 0,   0,   0,  0,   0,  0,  0,  0,   0, 0.000, 0.000, 0.000, 0.000
2011summer,   11,     Kelly,   2,  1,  1, 0, 0,   0,   0,  0,   0,  0,  0,  0,   0, 0.000, 0.000, 0.000, 0.000
2011summer,   12,     Kelly,   2,  1,  1, 0, 0,   0,   0,  0,   0,  0,  0,  0,   0, 0.000, 0.000, 0.000, 0.000
  2012fall,    1,     Kelly,   6,  3,  3, 0, 0,   0,   0,  0,   0,  0,  1,  0,   1, 0.000, 0.000, 0.000, 0.000
  2012fall,    2,     Kelly,   5,  3,  3, 0, 0,   0,   0,  0,   0,  0,  2,  0,   0, 0.000, 0.000, 0.000, 0.000
  2012fall,    4,     Kelly,   6,  4,  3, 0, 0,   0,   0,  0,   0,  1,  0,  0,   0, 0.000, 0.250, 0.000, 0.250
  2012fall,    5,     Kelly,   7,  5,  5, 0, 1,   0,   0,  0,   0,  0,  1,  0,   0, 0.200, 0.200, 0.200, 0.400
2012spring,    1,     Kelly,   5,  2,  1, 0, 0,   0,   0,  0,   0,  1,  1,  0,   0, 0.000, 0.500, 0.000, 0.500
2012spring,    3,     Kelly,   3,  1,  0, 0, 0,   0,   0,  0,   0,  1,  0,  0,   0, 0.000, 1.000, 0.000, 1.000
2012summer,    1,     Kelly,   7,  3,  1, 0, 0,   0,   0,  0,   0,  2,  0,  0,   0, 0.000, 0.667, 0.000, 0.667
  2012fall,    1,       Kim,   6,  3,  3, 0, 0,   0,   0,  0,   0,  0,  0,  0,   0, 0.000, 0.000, 0.000, 0.000
  2012fall,    2,       Kim,   5,  2,  2, 0, 0,   0,   0,  0,   0,  0,  0,  0,   1, 0.000, 0.000, 0.000, 0.000
  2012fall,    3,       Kim,   3,  2,  2, 0, 0,   0,   0,  0,   0,  0,  0,  0,   0, 0.000, 0.000, 0.000, 0.000
  2010fall,    4,     Kylie,   4,  2,  2, 0, 1,   0,   0,  0,   1,  0,  0,  0,   0, 0.500, 0.500, 0.500, 1.000
  2010fall,    5,     Kylie,   6,  3,  3, 1, 0,   0,   0,  0,   0,  0,  0,  0,   0, 0.000, 0.000, 0.000, 0.000
2010summer,    4,     Kylie,   5,  2,  2, 0, 0,   0,   0,  0,   0,  0,  0,  0,   0, 0.000, 0.000, 0.000, 0.000
2010summer,    5,     Kylie,   5,  2,  2, 0, 0,   0,   0,  0,   0,  0,  1,  0,   0, 0.000, 0.000, 0.000, 0.000
2010summer,    8,     Kylie,   5,  2,  2, 0, 0,   0,   0,  0,   0,  0,  0,  0,   0, 0.000, 0.000, 0.000, 0.000
  2011fall,    2,     Kylie,   6,  4,  4, 0, 1,   0,   0,  0,   0,  0,  1,  0,   0, 0.250, 0.250, 0.250, 0.500
  2011fall,    3,     Kylie,   1,  1,  1, 0, 0,   0,   0,  0,   0,  0,  0,  0,   0, 0.000, 0.000, 0.000, 0.000
  2011fall,    4,     Kylie,   6,  3,  3, 0, 1,   0,   0,  0,   0,  0,  0,  0,   0, 0.333, 0.333, 0.333, 0.667
  2011fall,    5,     Kylie,   3,  1,  1, 0, 0,   0,   0,  0,   0,  0,  0,  0,   0, 0.000, 0.000, 0.000, 0.000
  2011fall,    6,     Kylie,   6,  3,  2, 0, 1,   0,   0,  0,   0,  1,  0,  0,   0, 0.500, 0.667, 0.500, 1.167
2011summer,   10,     Kylie,   5,  2,  2, 0, 0,   0,   0,  0,   1,  0,  0,  0,   0, 0.000, 0.000, 0.000, 0.000
  2012fall,    1,     Kylie,   6,  4,  3, 0, 0,   0,   0,  0,   0,  1,  0,  0,   0, 0.000, 0.250, 0.000, 0.250
  2012fall,    2,     Kylie,   5,  3,  3, 0, 0,   0,   0,  0,   0,  0,  1,  0,   0, 0.000, 0.000, 0.000, 0.000
  2012fall,    3,     Kylie,   6,  4,  4, 0, 0,   0,   0,  0,   1,  0,  0,  0,   0, 0.000, 0.000, 0.000, 0.000
  2012fall,    5,     Kylie,   7,  4,  4, 0, 1,   0,   0,  0,   0,  0,  1,  0,   0, 0.250, 0.250, 0.250, 0.500
2012spring,    2,     Kylie,   4,  1,  1, 0, 0,   0,   0,  0,   1,  0,  0,  0,   0, 0.000, 0.000, 0.000, 0.000
2012spring,    3,     Kylie,   2,  1,  1, 0, 0,   0,   0,  0,   0,  0,  0,  0,   0, 0.000, 0.000, 0.000, 0.000
2012summer,    2,     Kylie,   8,  4,  4, 0, 0,   0,   0,  0,   0,  0,  0,  0,   0, 0.000, 0.000, 0.000, 0.000
2012summer,    3,     Kylie,   5,  2,  2, 0, 0,   0,   0,  0,   0,  0,  0,  0,   1, 0.000, 0.000, 0.000, 0.000
2012summer,    7,     Kylie,   6,  2,  2, 0, 1,   0,   0,  0,   0,  0,  0,  0,   0, 0.500, 0.500, 0.500, 1.000
2012summer,    8,     Kylie,   3,  2,  2, 1, 1,   0,   0,  0,   0,  0,  0,  0,   0, 0.500, 0.500, 0.500, 1.000
2012summer,   11,     Kylie,   6,  3,  2, 0, 0,   0,   0,  0,   0,  1,  0,  0,   0, 0.000, 0.333, 0.000, 0.333
2012summer,   12,     Kylie,   5,  3,  2, 1, 2,   0,   0,  0,   2,  1,  0,  0,   0, 1.000, 1.000, 1.000, 2.000
2012summer,   13,     Kylie,   7,  3,  3, 0, 1,   0,   0,  0,   0,  0,  0,  0,   0, 0.333, 0.333, 0.333, 0.667
2013summer,    2,     Kylie,   5,  2,  2, 1, 0,   0,   0,  0,   0,  0,  0,  0,   0, 0.000, 0.000, 0.000, 0.000
2010summer,    3,     Leena,   5,  2,  2, 1, 2,   0,   0,  0,   1,  0,  0,  0,   0, 1.000, 1.000, 1.000, 2.000
2010summer,    4,     Leena,   4,  1,  1, 0, 1,   0,   0,  0,   0,  0,  0,  0,   0, 1.000, 1.000, 1.000, 2.000
2010summer,    5,     Leena,   5,  3,  3, 0, 0,   0,   0,  0,   0,  0,  0,  0,   0, 0.000, 0.000, 0.000, 0.000
2010summer,    6,     Leena,   5,  3,  2, 0, 1,   0,   0,  0,   1,  1,  0,  0,   0, 0.500, 0.667, 0.500, 1.167
2010summer,    7,     Leena,   5,  3,  2, 0, 0,   0,   0,  0,   0,  1,  0,  0,   0, 0.000, 0.333, 0.000, 0.333
2010summer,   11,     Leena,   4,  1,  1, 0, 0,   0,   0,  0,   0,  0,  0,  0,   0, 0.000, 0.000, 0.000, 0.000
  2011fall,    3,     Leena,   5,  3,  2, 0, 0,   0,   0,  0,   0,  1,  1,  0,   0, 0.000, 0.333, 0.000, 0.333
  2011fall,    4,     Leena,   6,  3,  3, 1, 1,   0,   0,  0,   0,  0,  0,  0,   0, 0.333, 0.333, 0.333, 0.667
  2011fall,    5,     Leena,   4,  2,  2, 0, 0,   0,   0,  0,   0,  0,  0,  0,   0, 0.000, 0.000, 0.000, 0.000
  2011fall,    6,     Leena,   6,  2,  2, 0, 0,   0,   0,  0,   0,  0,  1,  0,   0, 0.000, 0.000, 0.000, 0.000
2011summer,    1,     Leena,   5,  2,  1, 2, 1,   0,   0,  0,   0,  1,  0,  0,   0, 1.000, 1.000, 1.000, 2.000
2011summer,    2,     Leena,   5,  1,  1, 0, 0,   0,   0,  0,   0,  0,  0,  0,   0, 0.000, 0.000, 0.000, 0.000
2011summer,    4,     Leena,   2,  1,  1, 0, 0,   0,   0,  0,   0,  0,  1,  0,   0, 0.000, 0.000, 0.000, 0.000
2011summer,   11,     Leena,   3,  1,  1, 0, 0,   0,   0,  0,   0,  0,  1,  0,   0, 0.000, 0.000, 0.000, 0.000
2012summer,    8,     Leena,   3,  1,  1, 0, 0,   0,   0,  0,   0,  0,  0,  0,   0, 0.000, 0.000, 0.000, 0.000
2013summer,    1,     Leena,   5,  3,  3, 1, 0,   0,   0,  0,   1,  0,  0,  0,   0, 0.000, 0.000, 0.000, 0.000
2013summer,    5,     Leena,   6,  4,  2, 0, 0,   0,   0,  0,   0,  2,  0,  0,   0, 0.000, 0.500, 0.000, 0.500
  2011fall,    1,     Linda,   5,  2,  2, 0, 0,   0,   0,  0,   0,  0,  0,  0,   0, 0.000, 0.000, 0.000, 0.000
  2012fall,    4,     Linda,   6,  4,  4, 0, 0,   0,   0,  0,   1,  0,  0,  0,   0, 0.000, 0.000, 0.000, 0.000
2012summer,    4,     Linda,   2,  1,  1, 0, 0,   0,   0,  0,   0,  0,  0,  0,   0, 0.000, 0.000, 0.000, 0.000
  2010fall,    4,     Mario,   4,  3,  0, 1, 0,   0,   0,  0,   0,  3,  0,  0,   0, 0.000, 1.000, 0.000, 1.000
  2010fall,    5,     Mario,   3,  2,  2, 0, 1,   0,   0,  0,   0,  0,  0,  0,   0, 0.500, 0.500, 0.500, 1.000
  2010fall,    6,     Mario,   7,  3,  3, 0, 2,   0,   0,  0,   0,  0,  0,  0,   0, 0.667, 0.667, 0.667, 1.333
2010summer,    4,     Mario,   5,  2,  2, 0, 1,   0,   0,  0,   0,  0,  0,  0,   0, 0.500, 0.500, 0.500, 1.000
2010summer,    5,     Mario,   5,  3,  3, 0, 1,   0,   0,  0,   0,  0,  0,  0,   0, 0.333, 0.333, 0.333, 0.667
2010summer,   11,     Mario,   7,  4,  4, 0, 3,   0,   0,  0,   2,  0,  0,  0,   0, 0.750, 0.750, 0.750, 1.500
  2011fall,    1,     Mario,   1,  1,  1, 0, 0,   0,   0,  0,   0,  0,  0,  0,   0, 0.000, 0.000, 0.000, 0.000
  2011fall,    3,     Mario,   3,  3,  2, 0, 0,   0,   0,  0,   0,  1,  1,  0,   0, 0.000, 0.333, 0.000, 0.333
  2011fall,    6,     Mario,   3,  1,  1, 0, 0,   0,   0,  0,   0,  0,  0,  0,   0, 0.000, 0.000, 0.000, 0.000
2011summer,    1,     Mario,   5,  3,  2, 1, 2,   1,   0,  0,   1,  1,  0,  0,   0, 1.000, 1.000, 1.500, 2.500
2011summer,    5,     Mario,   5,  2,  2, 1, 1,   0,   0,  0,   0,  0,  0,  0,   0, 0.500, 0.500, 0.500, 1.000
2011summer,    6,     Mario,   7,  3,  3, 1, 1,   0,   1,  0,   0,  0,  0,  0,   0, 0.333, 0.333, 1.000, 1.333
2011summer,   10,     Mario,   5,  3,  3, 0, 1,   1,   0,  0,   0,  0,  0,  0,   0, 0.333, 0.333, 0.667, 1.000
2011summer,   11,     Mario,   5,  3,  3, 0, 3,   0,   0,  0,   1,  0,  0,  0,   0, 1.000, 1.000, 1.000, 2.000
  2012fall,    2,     Mario,   5,  3,  3, 0, 1,   0,   0,  0,   1,  0,  0,  0,   0, 0.333, 0.333, 0.333, 0.667
  2012fall,    5,     Mario,   7,  5,  5, 0, 3,   2,   0,  0,   1,  0,  0,  0,   0, 0.600, 0.600, 1.000, 1.600
2012summer,    2,     Mario,   8,  4,  4, 0, 0,   0,   0,  0,   0,  0,  0,  0,   0, 0.000, 0.000, 0.000, 0.000
2012summer,   11,     Mario,   6,  3,  3, 1, 3,   0,   0,  0,   1,  0,  0,  0,   0, 1.000, 1.000, 1.000, 2.000
2012summer,   12,     Mario,   5,  3,  3, 2, 3,   0,   1,  0,   2,  0,  0,  0,   0, 1.000, 1.000, 1.667, 2.667
2012summer,   13,     Mario,   7,  3,  3, 1, 1,   0,   0,  0,   0,  0,  0,  0,   0, 0.333, 0.333, 0.333, 0.667
  2012fall,    2,      Mark,   5,  3,  3, 1, 2,   0,   1,  0,   1,  0,  0,  0,   0, 0.667, 0.667, 1.333, 2.000
  2012fall,    3,      Mark,   6,  4,  4, 1, 3,   0,   1,  0,   4,  0,  1,  0,   0, 0.750, 0.750, 1.250, 2.000
2012summer,    1,      Mark,   4,  2,  2, 0, 0,   0,   0,  0,   0,  0,  0,  0,   0, 0.000, 0.000, 0.000, 0.000
2012summer,    2,      Mark,   8,  4,  4, 1, 3,   2,   0,  0,   0,  0,  0,  0,   0, 0.750, 0.750, 1.250, 2.000
2012summer,    3,      Mark,   2,  1,  1, 0, 1,   0,   0,  0,   0,  0,  0,  0,   0, 1.000, 1.000, 1.000, 2.000
2012summer,    4,      Mark,   2,  2,  2, 2, 2,   0,   0,  1,   3,  0,  0,  0,   0, 1.000, 1.000, 2.500, 3.500
2012summer,    5,      Mark,   6,  2,  2, 2, 2,   0,   1,  1,   2,  0,  0,  0,   0, 1.000, 1.000, 3.500, 4.500
2012summer,    6,      Mark,   6,  3,  3, 0, 1,   0,   0,  0,   1,  0,  0,  0,   0, 0.333, 0.333, 0.333, 0.667
2012summer,    7,      Mark,   7,  3,  3, 0, 1,   0,   0,  0,   0,  0,  0,  0,   0, 0.333, 0.333, 0.333, 0.667
2012summer,    8,      Mark,   5,  3,  3, 0, 2,   0,   0,  0,   2,  0,  0,  0,   0, 0.667, 0.667, 0.667, 1.333
2012summer,    9,      Mark,   7,  3,  3, 0, 1,   0,   0,  0,   0,  0,  0,  0,   0, 0.333, 0.333, 0.333, 0.667
2012summer,   11,      Mark,   6,  3,  3, 0, 2,   0,   0,  0,   1,  0,  0,  0,   0, 0.667, 0.667, 0.667, 1.333
2012summer,   12,      Mark,   5,  3,  3, 2, 2,   0,   0,  0,   0,  0,  0,  0,   0, 0.667, 0.667, 0.667, 1.333
2012summer,   13,      Mark,   7,  3,  3, 0, 2,   0,   0,  0,   1,  0,  0,  0,   0, 0.667, 0.667, 0.667, 1.333
2013summer,    1,      Mark,   2,  2,  2, 1, 2,   1,   1,  0,   2,  0,  0,  0,   0, 1.000, 1.000, 2.500, 3.500
2013summer,    2,      Mark,   5,  2,  2, 0, 1,   0,   0,  0,   0,  0,  0,  0,   0, 0.500, 0.500, 0.500, 1.000
2013summer,    3,      Mark,   4,  3,  3, 2, 3,   0,   0,  1,   4,  0,  0,  0,   0, 1.000, 1.000, 2.000, 3.000
2013summer,    4,      Mark,   7,  3,  3, 0, 1,   0,   0,  0,   0,  0,  0,  0,   0, 0.333, 0.333, 0.333, 0.667
2013summer,    5,      Mark,   4,  2,  2, 0, 1,   1,   0,  0,   0,  0,  0,  0,   0, 0.500, 0.500, 1.000, 1.500
  2010fall,    2,  Meridith,   5,  2,  2, 0, 0,   0,   0,  0,   1,  0,  0,  0,   0, 0.000, 0.000, 0.000, 0.000
  2010fall,    6,  Meridith,   7,  3,  3, 0, 1,   0,   0,  0,   0,  0,  0,  0,   0, 0.333, 0.333, 0.333, 0.667
2010summer,    3,  Meridith,   5,  1,  1, 0, 0,   0,   0,  0,   0,  0,  0,  0,   0, 0.000, 0.000, 0.000, 0.000
2011summer,    1,  Meridith,   5,  3,  1, 1, 0,   0,   0,  0,   0,  2,  0,  0,   0, 0.000, 0.667, 0.000, 0.667
2011summer,    6,  Meridith,   4,  1,  1, 0, 0,   0,   0,  0,   0,  0,  1,  0,   0, 0.000, 0.000, 0.000, 0.000
  2011fall,    1,  Michelle,   5,  3,  3, 0, 0,   0,   0,  0,   0,  0,  0,  0,   0, 0.000, 0.000, 0.000, 0.000
  2011fall,    2,  Michelle,   6,  4,  2, 0, 0,   0,   0,  0,   0,  0,  0,  0,   0, 0.000, 0.000, 0.000, 0.000
  2011fall,    3,  Michelle,   5,  4,  4, 0, 2,   0,   0,  0,   1,  0,  0,  0,   0, 0.500, 0.500, 0.500, 1.000
  2011fall,    4,  Michelle,   6,  4,  4, 0, 1,   0,   0,  0,   0,  0,  0,  0,   1, 0.250, 0.250, 0.250, 0.500
  2011fall,    5,  Michelle,   7,  3,  3, 1, 2,   0,   0,  0,   0,  0,  0,  0,   0, 0.667, 0.667, 0.667, 1.333
  2011fall,    6,  Michelle,   6,  3,  2, 1, 1,   0,   0,  0,   0,  1,  0,  0,   0, 0.500, 0.667, 0.500, 1.167
2011summer,    2,  Michelle,   5,  2,  2, 0, 0,   0,   0,  0,   0,  0,  0,  0,   0, 0.000, 0.000, 0.000, 0.000
2011summer,    4,  Michelle,   2,  1,  1, 0, 0,   0,   0,  0,   0,  0,  0,  0,   0, 0.000, 0.000, 0.000, 0.000
2011summer,    6,  Michelle,   7,  3,  3, 0, 0,   0,   0,  0,   0,  0,  0,  0,   0, 0.000, 0.000, 0.000, 0.000
2011summer,   10,  Michelle,   5,  3,  2, 2, 1,   0,   0,  0,   0,  1,  0,  0,   0, 0.500, 0.667, 0.500, 1.167
2011summer,   12,  Michelle,   5,  3,  3, 0, 0,   0,   0,  0,   0,  0,  0,  0,   0, 0.000, 0.000, 0.000, 0.000
  2012fall,    3,  Michelle,   6,  4,  4, 2, 3,   0,   0,  0,   1,  0,  0,  0,   1, 0.750, 0.750, 0.750, 1.500
2012spring,    1,  Michelle,   5,  3,  3, 0, 1,   0,   0,  0,   0,  0,  0,  0,   0, 0.333, 0.333, 0.333, 0.667
2012spring,    2,  Michelle,   4,  2,  2, 0, 0,   0,   0,  0,   0,  0,  0,  0,   0, 0.000, 0.000, 0.000, 0.000
2012spring,    3,  Michelle,   5,  3,  3, 0, 1,   0,   0,  0,   1,  0,  0,  0,   0, 0.333, 0.333, 0.333, 0.667
2012summer,    1,  Michelle,   7,  3,  3, 0, 2,   0,   0,  0,   1,  0,  0,  0,   0, 0.667, 0.667, 0.667, 1.333
2012summer,    2,  Michelle,   8,  4,  4, 1, 3,   0,   0,  0,   0,  0,  0,  0,   0, 0.750, 0.750, 0.750, 1.500
2012summer,    5,  Michelle,   6,  3,  3, 2, 2,   1,   0,  0,   0,  0,  0,  0,   0, 0.667, 0.667, 1.000, 1.667
2012summer,    6,  Michelle,   6,  3,  3, 0, 1,   0,   0,  0,   0,  0,  0,  0,   0, 0.333, 0.333, 0.333, 0.667
2012summer,    7,  Michelle,   6,  2,  2, 0, 0,   0,   0,  0,   1,  0,  0,  0,   0, 0.000, 0.000, 0.000, 0.000
2012summer,    8,  Michelle,   5,  4,  4, 1, 1,   0,   0,  0,   1,  0,  0,  0,   0, 0.250, 0.250, 0.250, 0.500
2012summer,    9,  Michelle,   7,  3,  3, 0, 1,   0,   0,  0,   0,  0,  0,  0,   0, 0.333, 0.333, 0.333, 0.667
2012summer,   11,  Michelle,   6,  4,  3, 0, 0,   0,   0,  0,   1,  1,  0,  0,   0, 0.000, 0.250, 0.000, 0.250
2012summer,   12,  Michelle,   5,  4,  4, 1, 2,   0,   0,  0,   0,  0,  0,  0,   0, 0.500, 0.500, 0.500, 1.000
2012summer,   13,  Michelle,   7,  3,  3, 0, 0,   0,   0,  0,   1,  0,  0,  0,   0, 0.000, 0.000, 0.000, 0.000
2013summer,    1,  Michelle,   5,  4,  4, 1, 2,   0,   0,  0,   0,  0,  0,  0,   0, 0.500, 0.500, 0.500, 1.000
2013summer,    2,  Michelle,   5,  3,  3, 0, 1,   0,   0,  0,   0,  0,  0,  0,   0, 0.333, 0.333, 0.333, 0.667
2013summer,    3,  Michelle,   4,  3,  3, 2, 3,   0,   0,  0,   1,  0,  0,  0,   0, 1.000, 1.000, 1.000, 2.000
2013summer,    4,  Michelle,   7,  3,  3, 0, 1,   0,   0,  0,   0,  0,  1,  0,   0, 0.333, 0.333, 0.333, 0.667
2013summer,    5,  Michelle,   6,  4,  4, 0, 1,   0,   0,  0,   1,  0,  0,  0,   0, 0.250, 0.250, 0.250, 0.500
2013summer,    1,   Minchun,   5,  3,  3, 2, 2,   0,   0,  0,   1,  0,  0,  0,   0, 0.667, 0.667, 0.667, 1.333
2013summer,    4,   Minchun,   4,  1,  1, 0, 0,   0,   0,  0,   0,  0,  0,  0,   0, 0.000, 0.000, 0.000, 0.000
2013summer,    5,   Minchun,   3,  1,  1, 1, 1,   1,   0,  0,   0,  0,  0,  0,   0, 1.000, 1.000, 2.000, 3.000
  2010fall,    4,    Nicole,   4,  3,  2, 1, 1,   0,   0,  0,   0,  1,  0,  0,   0, 0.500, 0.667, 0.500, 1.167
  2010fall,    5,    Nicole,   6,  3,  2, 0, 0,   0,   0,  0,   0,  1,  0,  0,   0, 0.000, 0.333, 0.000, 0.333
  2010fall,    6,    Nicole,   7,  3,  3, 0, 1,   0,   0,  0,   0,  0,  0,  0,   0, 0.333, 0.333, 0.333, 0.667
2010summer,    5,    Nicole,   5,  2,  2, 1, 1,   0,   0,  0,   0,  0,  0,  0,   0, 0.500, 0.500, 0.500, 1.000
2010summer,    6,    Nicole,   5,  3,  3, 0, 0,   0,   0,  0,   0,  0,  1,  0,   0, 0.000, 0.000, 0.000, 0.000
2010summer,    7,    Nicole,   5,  3,  3, 0, 2,   0,   0,  0,   0,  0,  0,  0,   0, 0.667, 0.667, 0.667, 1.333
2010summer,    8,    Nicole,   5,  3,  3, 0, 0,   0,   0,  0,   0,  0,  0,  0,   0, 0.000, 0.000, 0.000, 0.000
2010summer,   11,    Nicole,   7,  4,  4, 0, 2,   0,   0,  0,   0,  0,  0,  0,   0, 0.500, 0.500, 0.500, 1.000
2012spring,    1,    Nicole,   5,  3,  3, 0, 2,   0,   0,  0,   2,  0,  1,  0,   0, 0.667, 0.667, 0.667, 1.333
2012spring,    2,    Nicole,   4,  2,  2, 0, 0,   0,   0,  0,   0,  0,  0,  0,   0, 0.000, 0.000, 0.000, 0.000
2012summer,    2,    Nicole,   8,  4,  4, 0, 0,   0,   0,  0,   0,  0,  0,  0,   0, 0.000, 0.000, 0.000, 0.000
2013summer,    2,    Nicole,   5,  2,  1, 0, 0,   0,   0,  0,   0,  1,  1,  0,   0, 0.000, 0.500, 0.000, 0.500
2013summer,    3,    Nicole,   4,  3,  3, 1, 1,   0,   0,  0,   0,  0,  0,  0,   0, 0.333, 0.333, 0.333, 0.667
  2010fall,    2,  Pei-Fang,   5,  3,  3, 1, 1,   0,   0,  0,   0,  0,  0,  0,   0, 0.333, 0.333, 0.333, 0.667
2010summer,    4,      Rafe,   3,  1,  1, 0, 0,   0,   0,  0,   0,  0,  0,  0,   0, 0.000, 0.000, 0.000, 0.000
2010summer,    7,      Rafe,   3,  2,  2, 0, 1,   0,   0,  0,   0,  0,  0,  0,   0, 0.500, 0.500, 0.500, 1.000
  2010fall,    4,   Sandeep,   4,  3,  3, 1, 1,   0,   0,  0,   1,  0,  0,  0,   0, 0.333, 0.333, 0.333, 0.667
  2010fall,    5,   Sandeep,   3,  1,  1, 0, 0,   0,   0,  0,   0,  0,  0,  0,   0, 0.000, 0.000, 0.000, 0.000
  2010fall,    2,     Sarah,   5,  3,  3, 0, 0,   0,   0,  0,   0,  0,  0,  0,   0, 0.000, 0.000, 0.000, 0.000
  2010fall,    4,     Sarah,   4,  3,  0, 1, 0,   0,   0,  0,   0,  3,  0,  0,   0, 0.000, 1.000, 0.000, 1.000
  2010fall,    5,     Sarah,   6,  3,  3, 0, 0,   0,   0,  0,   0,  0,  1,  0,   0, 0.000, 0.000, 0.000, 0.000
2010summer,    6,     Sarah,   5,  2,  2, 0, 1,   0,   0,  0,   0,  0,  0,  0,   0, 0.500, 0.500, 0.500, 1.000
2010summer,    8,     Sarah,   5,  2,  2, 1, 1,   0,   0,  0,   0,  0,  1,  0,   0, 0.500, 0.500, 0.500, 1.000
2010summer,   11,     Sarah,   7,  3,  3, 0, 0,   0,   0,  0,   0,  0,  0,  0,   0, 0.000, 0.000, 0.000, 0.000
  2011fall,    1,     Sarah,   5,  2,  2, 0, 1,   0,   0,  0,   0,  0,  1,  0,   0, 0.500, 0.500, 0.500, 1.000
  2011fall,    2,     Sarah,   6,  4,  2, 1, 1,   0,   0,  0,   0,  2,  0,  0,   0, 0.500, 0.750, 0.500, 1.250
  2011fall,    3,     Sarah,   5,  4,  3, 1, 2,   1,   0,  0,   1,  1,  0,  0,   0, 0.667, 0.750, 1.000, 1.750
  2011fall,    4,     Sarah,   6,  4,  3, 0, 1,   0,   0,  0,   0,  1,  1,  0,   0, 0.333, 0.500, 0.333, 0.833
  2011fall,    5,     Sarah,   7,  3,  2, 0, 0,   0,   0,  0,   0,  1,  0,  0,   0, 0.000, 0.333, 0.000, 0.333
  2011fall,    6,     Sarah,   6,  3,  3, 1, 1,   0,   0,  0,   0,  0,  1,  0,   0, 0.333, 0.333, 0.333, 0.667
2011summer,    4,     Sarah,   2,  1,  0, 0, 0,   0,   0,  0,   0,  1,  0,  0,   0, 0.000, 1.000, 0.000, 1.000
2011summer,    5,     Sarah,   5,  2,  2, 0, 0,   0,   0,  0,   0,  0,  0,  0,   0, 0.000, 0.000, 0.000, 0.000
2011summer,    6,     Sarah,   7,  3,  3, 0, 1,   0,   0,  0,   0,  0,  0,  0,   0, 0.333, 0.333, 0.333, 0.667
2011summer,   11,     Sarah,   5,  2,  2, 0, 0,   0,   0,  0,   0,  0,  1,  0,   0, 0.000, 0.000, 0.000, 0.000
2011summer,   12,     Sarah,   5,  3,  3, 1, 1,   0,   0,  0,   0,  0,  0,  0,   0, 0.333, 0.333, 0.333, 0.667
2012spring,    1,     Sarah,   5,  3,  2, 1, 1,   1,   0,  0,   0,  1,  0,  0,   0, 0.500, 0.667, 1.000, 1.667
2012spring,    2,     Sarah,   4,  2,  2, 0, 0,   0,   0,  0,   0,  0,  1,  0,   0, 0.000, 0.000, 0.000, 0.000
2012spring,    3,     Sarah,   5,  3,  3, 0, 0,   0,   0,  0,   0,  0,  2,  0,   0, 0.000, 0.000, 0.000, 0.000
2012summer,    1,     Sarah,   7,  4,  4, 0, 0,   0,   0,  0,   0,  0,  1,  0,   0, 0.000, 0.000, 0.000, 0.000
2012summer,    2,     Sarah,   8,  4,  4, 0, 0,   0,   0,  0,   0,  0,  1,  0,   0, 0.000, 0.000, 0.000, 0.000
2012summer,    3,     Sarah,   5,  2,  2, 0, 0,   0,   0,  0,   0,  0,  0,  0,   0, 0.000, 0.000, 0.000, 0.000
2012summer,    4,     Sarah,   2,  2,  2, 1, 1,   0,   0,  0,   0,  0,  0,  0,   0, 0.500, 0.500, 0.500, 1.000
2012summer,    5,     Sarah,   6,  3,  3, 0, 1,   0,   0,  0,   0,  0,  0,  0,   0, 0.333, 0.333, 0.333, 0.667
2012summer,    7,     Sarah,   7,  3,  3, 1, 1,   0,   0,  0,   0,  0,  0,  0,   0, 0.333, 0.333, 0.333, 0.667
2012summer,    8,     Sarah,   5,  4,  4, 1, 1,   0,   0,  0,   1,  0,  0,  0,   0, 0.250, 0.250, 0.250, 0.500
2012summer,   12,     Sarah,   5,  3,  3, 1, 2,   0,   0,  0,   1,  0,  0,  0,   0, 0.667, 0.667, 0.667, 1.333
2012summer,   13,     Sarah,   7,  3,  3, 0, 0,   0,   0,  0,   0,  0,  0,  0,   0, 0.000, 0.000, 0.000, 0.000
2013summer,    1,     Sarah,   5,  4,  3, 1, 0,   0,   0,  0,   0,  1,  0,  0,   0, 0.000, 0.250, 0.000, 0.250
2013summer,    2,     Sarah,   5,  2,  2, 0, 0,   0,   0,  0,   0,  0,  0,  0,   0, 0.000, 0.000, 0.000, 0.000
2013summer,    3,     Sarah,   4,  3,  3, 1, 1,   0,   0,  0,   0,  0,  2,  0,   0, 0.333, 0.333, 0.333, 0.667
2013summer,    4,     Sarah,   7,  2,  2, 0, 0,   0,   0,  0,   0,  0,  1,  0,   0, 0.000, 0.000, 0.000, 0.000
  2010fall,    2,      Seth,   5,  3,  3, 1, 2,   0,   0,  0,   0,  0,  0,  0,   0, 0.667, 0.667, 0.667, 1.333
  2010fall,    5,      Seth,   6,  3,  3, 0, 2,   0,   0,  0,   0,  0,  0,  0,   0, 0.667, 0.667, 0.667, 1.333
2010summer,    1,      Seth,   5,  1,  1, 0, 0,   0,   0,  0,   0,  0,  0,  0,   0, 0.000, 0.000, 0.000, 0.000
2010summer,    3,      Seth,   3,  1,  1, 1, 1,   0,   0,  0,   1,  0,  0,  0,   0, 1.000, 1.000, 1.000, 2.000
2010summer,    4,      Seth,   2,  1,  1, 0, 0,   0,   0,  0,   0,  0,  0,  0,   0, 0.000, 0.000, 0.000, 0.000
2010summer,    5,      Seth,   5,  2,  2, 1, 2,   0,   0,  0,   0,  0,  0,  0,   0, 1.000, 1.000, 1.000, 2.000
2010summer,    6,      Seth,   5,  2,  2, 1, 2,   0,   1,  0,   0,  0,  0,  0,   0, 1.000, 1.000, 2.000, 3.000
2010summer,    7,      Seth,   5,  3,  3, 0, 2,   0,   0,  0,   0,  0,  0,  0,   0, 0.667, 0.667, 0.667, 1.333
2010summer,    8,      Seth,   4,  2,  2, 1, 1,   1,   0,  0,   0,  0,  0,  0,   0, 0.500, 0.500, 1.000, 1.500
2010summer,   11,      Seth,   4,  1,  1, 0, 0,   0,   0,  0,   0,  0,  0,  0,   0, 0.000, 0.000, 0.000, 0.000
  2011fall,    1,      Seth,   4,  2,  2, 1, 2,   1,   0,  1,   2,  0,  0,  0,   0, 1.000, 1.000, 3.000, 4.000
  2011fall,    2,      Seth,   6,  4,  4, 0, 2,   0,   0,  0,   1,  0,  0,  0,   0, 0.500, 0.500, 0.500, 1.000
  2011fall,    3,      Seth,   2,  1,  1, 0, 0,   0,   0,  0,   0,  0,  0,  0,   0, 0.000, 0.000, 0.000, 0.000
  2011fall,    4,      Seth,   6,  3,  3, 2, 3,   1,   0,  0,   1,  0,  0,  0,   0, 1.000, 1.000, 1.333, 2.333
  2011fall,    5,      Seth,   7,  3,  3, 1, 2,   0,   0,  1,   2,  0,  0,  0,   0, 0.667, 0.667, 1.667, 2.333
  2011fall,    6,      Seth,   6,  3,  3, 0, 0,   0,   0,  0,   0,  0,  0,  0,   0, 0.000, 0.000, 0.000, 0.000
2011summer,    1,      Seth,   5,  2,  1, 2, 1,   0,   0,  1,   2,  1,  0,  0,   0, 1.000, 1.000, 4.000, 5.000
2011summer,    2,      Seth,   5,  2,  2, 0, 0,   0,   0,  0,   0,  0,  0,  0,   0, 0.000, 0.000, 0.000, 0.000
2011summer,    4,      Seth,   6,  3,  3, 0, 1,   1,   0,  0,   1,  0,  0,  0,   0, 0.333, 0.333, 0.667, 1.000
2011summer,    6,      Seth,   7,  3,  3, 0, 1,   0,   0,  0,   1,  0,  0,  0,   0, 0.333, 0.333, 0.333, 0.667
2011summer,   10,      Seth,   5,  3,  3, 1, 3,   0,   0,  0,   1,  0,  0,  0,   0, 1.000, 1.000, 1.000, 2.000
2011summer,   11,      Seth,   5,  2,  2, 0, 0,   0,   0,  0,   0,  0,  0,  0,   0, 0.000, 0.000, 0.000, 0.000
2011summer,   12,      Seth,   5,  3,  2, 1, 2,   0,   0,  0,   2,  0,  0,  1,   0, 1.000, 0.667, 1.000, 1.667
  2012fall,    1,      Seth,   6,  3,  3, 1, 2,   1,   0,  0,   1,  0,  0,  0,   0, 0.667, 0.667, 1.000, 1.667
  2012fall,    2,      Seth,   5,  2,  2, 2, 2,   0,   0,  0,   0,  0,  0,  0,   0, 1.000, 1.000, 1.000, 2.000
  2012fall,    3,      Seth,   3,  1,  1, 1, 1,   1,   0,  0,   0,  0,  0,  0,   0, 1.000, 1.000, 2.000, 3.000
  2012fall,    4,      Seth,   6,  3,  3, 2, 3,   2,   0,  0,   0,  0,  0,  0,   0, 1.000, 1.000, 1.667, 2.667
  2012fall,    5,      Seth,   7,  4,  4, 3, 3,   0,   0,  0,   2,  0,  1,  0,   0, 0.750, 0.750, 0.750, 1.500
2012spring,    1,      Seth,   5,  3,  2, 3, 1,   0,   0,  0,   1,  1,  0,  0,   0, 0.500, 0.667, 0.500, 1.167
2012spring,    2,      Seth,   4,  2,  2, 0, 2,   0,   0,  0,   0,  0,  0,  0,   0, 1.000, 1.000, 1.000, 2.000
2012spring,    3,      Seth,   5,  3,  3, 1, 2,   1,   0,  0,   0,  0,  0,  0,   0, 0.667, 0.667, 1.000, 1.667
2012summer,    1,      Seth,   7,  3,  3, 1, 2,   0,   0,  0,   0,  0,  0,  0,   0, 0.667, 0.667, 0.667, 1.333
2012summer,    2,      Seth,   5,  2,  2, 1, 2,   0,   0,  0,   0,  0,  0,  0,   0, 1.000, 1.000, 1.000, 2.000
2012summer,    3,      Seth,   5,  2,  2, 1, 1,   0,   0,  0,   0,  0,  0,  0,   0, 0.500, 0.500, 0.500, 1.000
2012summer,    4,      Seth,   2,  1,  1, 0, 0,   0,   0,  0,   0,  0,  0,  0,   0, 0.000, 0.000, 0.000, 0.000
2012summer,    5,      Seth,   6,  3,  3, 2, 2,   0,   0,  1,   4,  0,  0,  0,   0, 0.667, 0.667, 1.667, 2.333
2012summer,    6,      Seth,   6,  2,  2, 0, 1,   0,   0,  0,   0,  0,  0,  0,   0, 0.500, 0.500, 0.500, 1.000
2012summer,    7,      Seth,   6,  2,  2, 1, 1,   0,   0,  0,   0,  0,  0,  0,   0, 0.500, 0.500, 0.500, 1.000
2012summer,    8,      Seth,   5,  3,  3, 3, 3,   0,   0,  0,   1,  0,  0,  0,   0, 1.000, 1.000, 1.000, 2.000
2012summer,    9,      Seth,   7,  2,  2, 0, 0,   0,   0,  0,   0,  0,  0,  0,   0, 0.000, 0.000, 0.000, 0.000
2012summer,   11,      Seth,   4,  3,  3, 0, 1,   0,   0,  0,   0,  0,  0,  0,   0, 0.333, 0.333, 0.333, 0.667
2012summer,   12,      Seth,   5,  3,  2, 1, 1,   0,   0,  0,   1,  1,  0,  0,   0, 0.500, 0.667, 0.500, 1.167
2012summer,   13,      Seth,   6,  3,  3, 1, 2,   0,   0,  0,   1,  0,  0,  0,   0, 0.667, 0.667, 0.667, 1.333
2013summer,    1,      Seth,   5,  3,  3, 3, 2,   1,   0,  0,   0,  0,  0,  0,   0, 0.667, 0.667, 1.000, 1.667
2013summer,    2,      Seth,   5,  2,  2, 0, 0,   0,   0,  0,   0,  0,  0,  0,   0, 0.000, 0.000, 0.000, 0.000
2013summer,    3,      Seth,   4,  3,  3, 1, 1,   0,   0,  0,   1,  0,  0,  0,   0, 0.333, 0.333, 0.333, 0.667
2013summer,    4,      Seth,   7,  2,  2, 1, 1,   1,   0,  0,   0,  0,  0,  0,   0, 0.500, 0.500, 1.000, 1.500
2013summer,    5,      Seth,   4,  2,  2, 0, 1,   0,   0,  0,   0,  0,  0,  0,   0, 0.500, 0.500, 0.500, 1.000
  2010fall,    4,    Sharon,   4,  2,  1, 1, 0,   0,   0,  0,   0,  1,  1,  0,   0, 0.000, 0.500, 0.000, 0.500
  2010fall,    6,    Sharon,   7,  2,  2, 0, 0,   0,   0,  0,   0,  0,  0,  0,   0, 0.000, 0.000, 0.000, 0.000
2011summer,    5,    Sharon,   5,  2,  2, 0, 0,   0,   0,  0,   0,  0,  2,  0,   0, 0.000, 0.000, 0.000, 0.000
  2010fall,    5,  Svetlana,   6,  3,  2, 0, 1,   0,   0,  0,   0,  1,  1,  0,   0, 0.500, 0.667, 0.500, 1.167
2010summer,    4,  Svetlana,   5,  2,  2, 0, 0,   0,   0,  0,   0,  0,  0,  0,   0, 0.000, 0.000, 0.000, 0.000
  2011fall,    5,  Svetlana,   7,  3,  3, 0, 1,   0,   0,  0,   0,  0,  0,  0,   0, 0.333, 0.333, 0.333, 0.667
2011summer,    1,  Svetlana,   5,  2,  0, 1, 0,   0,   0,  0,   0,  2,  0,  0,   0, 0.000, 1.000, 0.000, 1.000
2011summer,    4,  Svetlana,   4,  2,  2, 1, 0,   0,   0,  0,   0,  0,  0,  0,   0, 0.000, 0.000, 0.000, 0.000
2011summer,    5,  Svetlana,   5,  2,  2, 0, 0,   0,   0,  0,   0,  0,  1,  0,   0, 0.000, 0.000, 0.000, 0.000
2012summer,    3,  Svetlana,   5,  2,  2, 0, 0,   0,   0,  0,   0,  0,  2,  0,   0, 0.000, 0.000, 0.000, 0.000
2010summer,    3,   Tatsuki,   5,  1,  1, 0, 1,   1,   0,  0,   2,  0,  0,  0,   0, 1.000, 1.000, 2.000, 3.000
2010summer,    4,   Tatsuki,   3,  1,  1, 0, 1,   0,   0,  0,   0,  0,  0,  0,   0, 1.000, 1.000, 1.000, 2.000
  2011fall,    1,   Tatsuki,   5,  2,  2, 1, 1,   0,   1,  0,   0,  0,  0,  0,   0, 0.500, 0.500, 1.500, 2.000
  2011fall,    2,   Tatsuki,   6,  3,  3, 1, 2,   0,   0,  0,   1,  0,  0,  0,   0, 0.667, 0.667, 0.667, 1.333
  2011fall,    3,   Tatsuki,   3,  2,  2, 2, 2,   1,   0,  0,   0,  0,  0,  0,   0, 1.000, 1.000, 1.500, 2.500
  2011fall,    5,   Tatsuki,   7,  3,  3, 0, 0,   0,   0,  0,   0,  0,  1,  0,   0, 0.000, 0.000, 0.000, 0.000
  2011fall,    6,   Tatsuki,   3,  1,  1, 0, 0,   0,   0,  0,   0,  0,  0,  0,   0, 0.000, 0.000, 0.000, 0.000
  2012fall,    3,   Tatsuki,   3,  2,  2, 0, 1,   0,   0,  0,   0,  0,  0,  0,   0, 0.500, 0.500, 0.500, 1.000
  2012fall,    4,   Tatsuki,   3,  2,  2, 0, 0,   0,   0,  0,   0,  0,  0,  0,   0, 0.000, 0.000, 0.000, 0.000
2012spring,    1,   Tatsuki,   5,  3,  3, 0, 3,   0,   0,  0,   2,  0,  0,  0,   0, 1.000, 1.000, 1.000, 2.000
2012spring,    2,   Tatsuki,   4,  2,  2, 1, 2,   0,   0,  0,   0,  0,  0,  0,   0, 1.000, 1.000, 1.000, 2.000
2012spring,    3,   Tatsuki,   5,  1,  1, 0, 0,   0,   0,  0,   0,  0,  0,  0,   0, 0.000, 0.000, 0.000, 0.000
2012summer,    1,   Tatsuki,   7,  3,  3, 0, 1,   0,   0,  0,   0,  0,  0,  0,   0, 0.333, 0.333, 0.333, 0.667
2012summer,    2,   Tatsuki,   8,  3,  3, 1, 2,   0,   0,  0,   2,  0,  0,  0,   0, 0.667, 0.667, 0.667, 1.333
2012summer,    4,   Tatsuki,   2,  1,  1, 0, 0,   0,   0,  0,   0,  0,  0,  0,   0, 0.000, 0.000, 0.000, 0.000
2012summer,    5,   Tatsuki,   6,  2,  2, 2, 2,   1,   0,  1,   2,  0,  0,  0,   0, 1.000, 1.000, 3.000, 4.000
2012summer,    6,   Tatsuki,   6,  3,  3, 0, 0,   0,   0,  0,   0,  0,  0,  0,   0, 0.000, 0.000, 0.000, 0.000
2012summer,   13,   Tatsuki,   7,  3,  3, 1, 1,   0,   0,  0,   0,  0,  0,  0,   0, 0.333, 0.333, 0.333, 0.667
2012summer,    6,   Tiffany,   6,  3,  3, 0, 0,   0,   0,  0,   0,  0,  0,  0,   1, 0.000, 0.000, 0.000, 0.000
  2011fall,    4,      Tina,   6,  3,  3, 0, 0,   0,   0,  0,   0,  0,  2,  0,   0, 0.000, 0.000, 0.000, 0.000
  2011fall,    6,      Tina,   6,  2,  1, 0, 0,   0,   0,  0,   0,  1,  0,  0,   0, 0.000, 0.500, 0.000, 0.500
2011summer,    1,      Tina,   5,  2,  1, 0, 0,   0,   0,  0,   0,  1,  1,  0,   0, 0.000, 0.500, 0.000, 0.500
2011summer,    4,      Tina,   2,  1,  0, 1, 0,   0,   0,  0,   0,  1,  0,  0,   0, 0.000, 1.000, 0.000, 1.000
  2012fall,    1,      Tina,   6,  3,  3, 0, 0,   0,   0,  0,   0,  0,  2,  0,   0, 0.000, 0.000, 0.000, 0.000
  2012fall,    3,      Tina,   3,  2,  2, 0, 1,   0,   0,  0,   0,  0,  0,  0,   0, 0.500, 0.500, 0.500, 1.000
  2012fall,    4,      Tina,   6,  4,  4, 1, 1,   0,   0,  0,   0,  0,  1,  0,   0, 0.250, 0.250, 0.250, 0.500
  2012fall,    5,      Tina,   7,  4,  3, 3, 1,   0,   0,  0,   0,  1,  0,  0,   0, 0.333, 0.500, 0.333, 0.833
2012spring,    3,      Tina,   2,  1,  1, 0, 0,   0,   0,  0,   0,  0,  1,  0,   0, 0.000, 0.000, 0.000, 0.000
2012summer,    9,      Tina,   7,  3,  2, 0, 0,   0,   0,  0,   0,  1,  0,  0,   0, 0.000, 0.333, 0.000, 0.333
2012summer,   11,      Tina,   6,  3,  2, 1, 0,   0,   0,  0,   0,  1,  0,  0,   0, 0.000, 0.333, 0.000, 0.333
2013summer,    4,      Tina,   7,  2,  2, 0, 0,   0,   0,  0,   0,  0,  0,  0,   0, 0.000, 0.000, 0.000, 0.000
2013summer,    5,      Tina,   6,  3,  3, 0, 0,   0,   0,  0,   0,  0,  1,  0,   0, 0.000, 0.000, 0.000, 0.000
2011summer,   10,      Tori,   5,  3,  2, 0, 0,   0,   0,  0,   0,  1,  0,  0,   0, 0.000, 0.333, 0.000, 0.333
2013summer,    2,   Whitney,   5,  2,  2, 0, 0,   0,   0,  0,   0,  0,  0,  0,   0, 0.000, 0.000, 0.000, 0.000
2013summer,    3,   Whitney,   4,  3,  2, 0, 1,   0,   0,  0,   0,  1,  0,  0,   0, 0.500, 0.667, 0.500, 1.167
2013summer,    4,   Whitney,   7,  2,  2, 0, 1,   0,   0,  0,   0,  0,  0,  0,   0, 0.500, 0.500, 0.500, 1.000
  2010fall,    2,      Will,   5,  2,  2, 0, 1,   0,   0,  0,   1,  0,  0,  0,   0, 0.500, 0.500, 0.500, 1.000
  2010fall,    4,      Will,   4,  2,  0, 1, 0,   0,   0,  0,   0,  2,  0,  0,   0, 0.000, 1.000, 0.000, 1.000
  2010fall,    5,      Will,   3,  2,  2, 0, 1,   0,   0,  0,   0,  0,  1,  0,   0, 0.500, 0.500, 0.500, 1.000
  2010fall,    6,      Will,   7,  2,  2, 0, 0,   0,   0,  0,   0,  0,  0,  0,   0, 0.000, 0.000, 0.000, 0.000
2010summer,    1,      Will,   5,  2,  1, 0, 1,   0,   0,  0,   0,  1,  0,  0,   0, 1.000, 1.000, 1.000, 2.000
2010summer,    2,      Will,   5,  2,  2, 2, 2,   0,   0,  0,   0,  0,  0,  0,   0, 1.000, 1.000, 1.000, 2.000
2010summer,    3,      Will,   3,  2,  2, 1, 1,   1,   0,  0,   0,  0,  0,  0,   0, 0.500, 0.500, 1.000, 1.500
2010summer,    4,      Will,   3,  1,  1, 0, 0,   0,   0,  0,   0,  0,  0,  0,   0, 0.000, 0.000, 0.000, 0.000
2010summer,    5,      Will,   5,  2,  2, 0, 0,   0,   0,  0,   0,  0,  0,  0,   0, 0.000, 0.000, 0.000, 0.000
2010summer,    6,      Will,   5,  3,  3, 0, 1,   0,   0,  0,   1,  0,  0,  0,   0, 0.333, 0.333, 0.333, 0.667
2010summer,    7,      Will,   4,  2,  2, 1, 1,   1,   0,  0,   0,  0,  0,  0,   0, 0.500, 0.500, 1.000, 1.500
2010summer,    8,      Will,   3,  1,  1, 0, 1,   0,   0,  0,   0,  0,  0,  0,   0, 1.000, 1.000, 1.000, 2.000
2010summer,   11,      Will,   4,  1,  1, 0, 0,   0,   0,  0,   0,  0,  0,  0,   0, 0.000, 0.000, 0.000, 0.000
  2011fall,    1,      Will,   2,  1,  1, 0, 1,   0,   0,  0,   0,  0,  0,  0,   0, 1.000, 1.000, 1.000, 2.000
  2011fall,    3,      Will,   2,  2,  2, 1, 2,   0,   0,  0,   0,  0,  0,  0,   0, 1.000, 1.000, 1.000, 2.000
  2011fall,    4,      Will,   6,  4,  3, 1, 3,   0,   0,  0,   2,  1,  0,  0,   0, 1.000, 1.000, 1.000, 2.000
  2011fall,    6,      Will,   6,  3,  3, 0, 0,   0,   0,  0,   0,  0,  1,  0,   0, 0.000, 0.000, 0.000, 0.000
2011summer,    1,      Will,   5,  2,  2, 0, 0,   0,   0,  0,   0,  0,  0,  0,   0, 0.000, 0.000, 0.000, 0.000
2011summer,    2,      Will,   5,  1,  1, 0, 1,   0,   0,  0,   0,  0,  0,  0,   0, 1.000, 1.000, 1.000, 2.000
2011summer,    4,      Will,   6,  3,  3, 1, 2,   0,   0,  0,   0,  0,  0,  0,   0, 0.667, 0.667, 0.667, 1.333
2011summer,    5,      Will,   5,  2,  1, 0, 1,   1,   0,  0,   1,  1,  0,  0,   0, 1.000, 1.000, 2.000, 3.000
2011summer,    6,      Will,   7,  3,  3, 1, 2,   0,   0,  0,   1,  0,  1,  0,   0, 0.667, 0.667, 0.667, 1.333
2011summer,   11,      Will,   5,  2,  2, 0, 1,   0,   0,  0,   0,  0,  0,  0,   0, 0.500, 0.500, 0.500, 1.000
2011summer,   12,      Will,   5,  3,  2, 2, 2,   0,   0,  0,   0,  1,  0,  0,   0, 1.000, 1.000, 1.000, 2.000
  2012fall,    2,      Will,   5,  3,  3, 1, 3,   0,   0,  0,   2,  0,  0,  0,   0, 1.000, 1.000, 1.000, 2.000
  2012fall,    3,      Will,   3,  2,  2, 2, 2,   1,   0,  0,   0,  0,  0,  0,   0, 1.000, 1.000, 1.500, 2.500
  2012fall,    4,      Will,   6,  4,  4, 1, 4,   1,   0,  0,   5,  0,  0,  0,   0, 1.000, 1.000, 1.250, 2.250
2012spring,    1,      Will,   5,  3,  3, 2, 2,   1,   0,  0,   0,  0,  0,  0,   0, 0.667, 0.667, 1.000, 1.667
2012spring,    2,      Will,   4,  2,  2, 1, 1,   0,   0,  0,   0,  0,  0,  0,   0, 0.500, 0.500, 0.500, 1.000
2012spring,    3,      Will,   5,  2,  2, 0, 1,   0,   0,  0,   0,  0,  0,  0,   0, 0.500, 0.500, 0.500, 1.000
2012summer,    1,      Will,   3,  1,  1, 0, 0,   0,   0,  0,   0,  0,  0,  0,   0, 0.000, 0.000, 0.000, 0.000
2012summer,    2,      Will,   4,  2,  2, 1, 2,   1,   0,  1,   2,  0,  0,  0,   0, 1.000, 1.000, 3.000, 4.000
2012summer,    3,      Will,   3,  1,  1, 0, 0,   0,   0,  0,   0,  0,  1,  0,   0, 0.000, 0.000, 0.000, 0.000
2012summer,    4,      Will,   2,  1,  1, 1, 1,   0,   1,  0,   2,  0,  0,  0,   0, 1.000, 1.000, 3.000, 4.000
2012summer,    5,      Will,   6,  3,  3, 0, 0,   0,   0,  0,   0,  0,  0,  0,   0, 0.000, 0.000, 0.000, 0.000
2012summer,    7,      Will,   6,  2,  2, 0, 1,   0,   0,  0,   0,  0,  0,  0,   0, 0.500, 0.500, 0.500, 1.000
2012summer,    8,      Will,   5,  3,  3, 1, 1,   0,   0,  0,   0,  0,  0,  0,   0, 0.333, 0.333, 0.333, 0.667
2012summer,   11,      Will,   6,  3,  2, 1, 0,   0,   0,  0,   0,  1,  1,  0,   0, 0.000, 0.333, 0.000, 0.333
2012summer,   13,      Will,   5,  2,  2, 0, 0,   0,   0,  0,   0,  0,  0,  0,   0, 0.000, 0.000, 0.000, 0.000
2013summer,    1,      Will,   3,  1,  1, 0, 1,   0,   0,  0,   0,  0,  0,  0,   0, 1.000, 1.000, 1.000, 2.000
2013summer,    2,      Will,   5,  2,  2, 2, 2,   0,   0,  0,   0,  0,  0,  0,   0, 1.000, 1.000, 1.000, 2.000
2013summer,    4,      Will,   6,  2,  2, 0, 1,   0,   0,  0,   0,  0,  0,  0,   0, 0.500, 0.500, 0.500, 1.000
2013summer,    5,      Will,   6,  3,  3, 1, 1,   0,   0,  0,   0,  0,  0,  0,   0, 0.333, 0.333, 0.333, 0.667
2010summer,    8,    Zu-Wen,   2,  1,  1, 0, 0,   0,   0,  0,   0,  0,  0,  0,   0, 0.000, 0.000, 0.000, 0.000
